Experiment: front-default-baseline
ID: 20260908T215808Z-front-default-baseline
Created: 2026-09-08T14:58:08-07:00
Group: front-default
Tags: none
Pipeline code: 82c8b84a0a2f
Experiment fingerprint: 41e207dd18ca521d1f08b05acffcab7f5af23965d9cf45f04d4ac3518f7e607f
Notes: (none)

======================== UNCENTERED ERRORS ========================

Cache duration summary
log             samples  dt_ms  total_s  boring_s  boring_%
--------------  -------  -----  -------  --------  --------
log-0046          61344  10.00   613.44    385.08     62.77
log-0048         108107  10.00  1081.07    348.44     32.23
log-0049          44189  10.00   441.89    207.58     46.98
log-0054         111816  10.00  1118.16    688.03     61.53
log-0055          43808  10.00   438.08    233.04     53.20
log-0056          61448  10.00   614.48    285.93     46.53
log-0058          44381  10.00   443.81    392.61     88.46
log-0063          40781  10.00   407.81    124.37     30.50
log-0071_183      65908  10.00   659.08    434.32     65.90
log-0072_184      58385  10.00   583.85    347.94     59.59
log-0073_185      39115  10.00   391.15    301.84     77.17
log-0078-valid    22949  10.00   229.49    135.14     58.89
log-0079          46824  10.00   468.24    271.95     58.08
log-0080-valid    64718  10.00   647.18    335.98     51.91
log-0081         113665  10.00  1136.65    798.84     70.28
log-0098          36717  10.00   367.17    232.66     63.37
log-0099          65579  10.00   655.79    641.06     97.75
log-0113          29498  10.00   294.98    247.17     83.79
log-0115          18835  10.00   188.35    178.71     94.88
log-0116          27283  10.00   272.83    190.02     69.65
log-0117          14148  10.00   141.48    130.70     92.38
log-0118          16328  10.00   163.28    125.54     76.89
log-0119          19584  10.00   195.84    143.68     73.37
log-0120           6011  10.00    60.11     59.21     98.50
log-0122          43803  10.00   438.03    332.50     75.91
log-0125          24913  10.00   249.13    205.81     82.61
log-0126          14241  10.00   142.41     62.80     44.10
log-0127          26922  10.00   269.22    146.38     54.37
log-0129          77819  10.00   778.19    440.18     56.56
log-0132          34660  10.00   346.60    301.85     87.09
log-0133          10539  10.00   105.39    104.50     99.16
log103            72985  10.00   729.85    419.79     57.52
log104            59770  10.00   597.70    407.13     68.12
log106            19535  10.00   195.35    160.32     82.07
log107            25307  10.00   253.07    171.99     67.96
log109            21587  10.00   215.87    187.19     86.71
log110            21450  10.00   214.50    175.89     82.00
log112            63277  10.00   632.77    338.21     53.45

Error stats on boring_mask (raw): travel/mag_model vs travel
log               t   rmse  bin_rmse    mae      me  rms_trav
--------------  ---  -----  --------  -----  ------  --------
log-0046        385  23.20     25.19  22.84  -22.84     20.57
log-0048        348  19.81     21.32  19.41  -19.41     22.44
log-0049        207  26.27     26.55  25.97  -25.97     24.23
log-0054        688  15.72     16.82  14.93  -14.93     17.94
log-0055        233  17.78     18.27  17.03  -17.03     23.70
log-0056        285  15.16     16.20  14.27  -14.27     22.52
log-0058        392   7.23      8.08   6.00   -5.81     23.40
log-0063        124  26.65     27.33  26.39  -26.39     27.45
log-0071_183    434   6.87      7.35   5.24   -5.08     22.61
log-0072_184    347   9.66     10.47   8.52   -8.50     21.45
log-0073_185    301  33.97     32.93  33.29  -33.29     19.37
log-0078-valid  135  28.07     27.33  26.85  -26.85     27.76
log-0079        271  36.81     36.13  36.06  -36.06     29.51
log-0080-valid  335  19.33     20.49  16.06  -16.05     29.27
log-0081        798  36.06     34.41  34.33  -34.33     20.61
log-0098        232  10.16      9.14   7.56    2.35     26.59
log-0099        641  27.56     25.69  24.36  -24.35     19.64
log-0113        247  22.84     25.25  21.90  -21.89     28.30
log-0115        178  41.86     44.44  41.38  -41.38     26.94
log-0116        190  20.99     21.77  19.62  -19.62     34.38
log-0117        130  18.13     21.03  17.00  -16.99     29.05
log-0118        125  46.40     45.58  45.30  -45.30     46.57
log-0119        143  25.51     26.30  24.47  -24.47     39.48
log-0120         59  28.73     29.50  28.02  -28.01     39.04
log-0122        332  46.30     47.23  45.63  -45.63     35.94
log-0125        205  44.54     45.64  43.74  -43.74     35.65
log-0126         62  51.52     53.31  49.71  -49.71     44.94
log-0127        146  35.89     37.31  35.15  -35.14     45.07
log-0129        440  18.71     21.01  16.29  -16.24     35.47
log-0132        301  43.44     44.02  42.13  -42.13     35.25
log-0133        104  14.78     16.02  13.06  -12.97     34.57
log103          419  28.18     28.53  27.44  -27.15     22.78
log104          407  37.27     37.32  36.60  -36.57     21.46
log106          160  14.76     15.12  14.28  -14.07     23.57
log107          171  21.17     20.91  20.82  -20.81     22.19
log109          187  25.85     25.37  25.43  -25.43     22.77
log110          175  28.27     27.77  27.58  -27.58     22.18
log112          338  24.33     24.69  23.67  -23.64     22.97

Median          240.00  25.68     25.53  24.41  -24.41     25.41
Mean            280.92  26.31     26.89  25.22  -24.93     28.10
Std Dev         164.60  11.42     11.36  11.56   12.08      7.70

Error stats on boring_mask (raw): travel/mag_model/adj vs travel
log               t   rmse  bin_rmse    mae      me  rms_trav
--------------  ---  -----  --------  -----  ------  --------
log-0046        385  16.46     18.49  15.95  -15.95     20.57
log-0048        348   7.55      8.91   6.49   -6.40     22.44
log-0049        207   7.51      7.72   6.49   -6.37     24.23
log-0054        688   8.89     10.08   7.43   -7.41     17.94
log-0055        233   8.16      7.65   7.54    6.35     23.70
log-0056        285   9.50     10.50   8.06   -7.99     22.52
log-0058        392   4.77      5.54   3.24   -2.09     23.40
log-0063        124   4.34      4.72   3.28   -2.24     27.45
log-0071_183    434  10.56     10.93   9.51   -9.50     22.61
log-0072_184    347   4.62      4.99   2.90   -0.60     21.45
log-0073_185    301  12.46     11.48  10.48  -10.47     19.37
log-0078-valid  135  17.31     16.38  15.25  -15.24     27.76
log-0079        271  13.81     12.75  11.69  -11.68     29.51
log-0080-valid  335  16.35     15.07  14.99   12.30     29.27
log-0081        798  17.22     14.89  13.28  -13.21     20.61
log-0098        232  11.42     11.27   7.55   -5.72     26.59
log-0099        641  15.59     12.96  10.94   -8.75     19.64
log-0113        247  16.20     18.56  14.95  -14.84     28.30
log-0115        178   7.05      6.67   5.89    3.15     26.94
log-0116        190  22.86     23.64  21.61  -21.61     34.38
log-0117        130   6.56      7.51   5.00    1.68     29.05
log-0118        125  31.08     30.28  29.43  -29.41     46.57
log-0119        143  10.09     10.83   8.33   -7.05     39.48
log-0120         59  11.99     12.69  10.35  -10.16     39.04
log-0122        332  18.55     19.35  16.82  -16.81     35.94
log-0125        205  20.71     21.69  18.96  -18.95     35.65
log-0126         62  31.93     33.54  28.91  -28.91     44.94
log-0127        146   9.41     10.73   6.78   -5.95     45.07
log-0129        440  32.41     34.50  31.05  -31.05     35.47
log-0132        301  22.85     23.17  20.26  -20.25     35.25
log-0133        104  13.29     14.49  11.41  -11.24     34.57
log103          419  18.18     18.58  17.42  -16.54     22.78
log104          407  25.83     25.98  25.12  -24.82     21.46
log106          160   7.08      7.64   6.19   -5.50     23.57
log107          171   6.49      6.79   5.53   -5.22     22.19
log109          187  14.06     13.93  13.28  -13.28     22.77
log110          175  12.06     11.68  10.51  -10.34     22.18
log112          338  10.83     11.36   9.85   -9.16     22.97

Median          240.00  12.26     12.19  10.49   -9.83     25.41
Mean            280.92  14.11     14.42  12.44  -10.56     28.10
Std Dev         164.60   7.41      7.54   7.29    9.34      7.70

Error stats on boring_mask (raw): travel/solved vs travel
log               t   rmse  bin_rmse    mae      me  rms_trav
--------------  ---  -----  --------  -----  ------  --------
log-0046        385  14.04     14.47  13.68  -13.65     20.57
log-0048        348   5.59      7.22   4.93   -4.73     22.44
log-0049        207   6.21      6.60   5.57   -5.48     24.23
log-0054        688   6.04      6.49   5.48   -5.42     17.94
log-0055        233   8.46      7.89   7.81    7.41     23.70
log-0056        285   5.96      6.83   5.23   -4.94     22.52
log-0058        392   3.24      3.67   2.50   -0.82     23.40
log-0063        124   3.71      4.15   2.92   -1.94     27.45
log-0071_183    434   7.97      7.72   7.58   -7.52     22.61
log-0072_184    347   3.51      3.65   2.52    0.84     21.45
log-0073_185    301   9.39      8.77   8.15   -7.98     19.37
log-0078-valid  135  13.03     13.23  12.24  -12.08     27.76
log-0079        271  10.34     10.48   8.77   -8.43     29.51
log-0080-valid  335  14.94     14.10  13.84   13.26     29.27
log-0081        798  14.03     12.62  11.60  -11.45     20.61
log-0098        232   6.95      7.76   5.60   -4.65     26.59
log-0099        641   9.12      8.59   6.74   -5.69     19.64
log-0113        247  13.37     15.70  12.32  -12.12     28.30
log-0115        178   7.97      8.53   6.51    4.64     26.94
log-0116        190  20.11     20.75  18.94  -18.85     34.38
log-0117        130   6.41      7.09   5.09    2.95     29.05
log-0118        125  29.86     28.66  26.81  -26.59     46.57
log-0119        143   9.93     10.57   8.12   -5.22     39.48
log-0120         59  10.69     11.35   9.25   -8.18     39.04
log-0122        332  16.14     16.88  14.66  -14.28     35.94
log-0125        205  18.33     19.66  16.73  -16.49     35.65
log-0126         62  30.74     32.42  27.10  -26.96     44.94
log-0127        146   8.82      9.90   6.29   -4.29     45.07
log-0129        440  28.52     27.62  27.36  -27.35     35.47
log-0132        301  18.00     17.89  16.32  -16.10     35.25
log-0133        104  11.36     12.96   9.91   -9.52     34.57
log103          419  16.04     17.22  15.29  -15.07     22.78
log104          407  21.69     23.96  21.08  -20.89     21.46
log106          160   5.97      6.39   5.33   -5.09     23.57
log107          171   5.20      5.22   4.62   -4.34     22.19
log109          187  11.81     11.55  11.34  -11.32     22.77
log110          175   9.14      9.01   8.51   -8.46     22.18
log112          338   9.15     10.02   8.37   -7.99     22.97

Median          240.00   9.66     10.25   8.44   -7.98     25.41
Mean            280.92  11.89     12.31  10.66   -8.55     28.10
Std Dev         164.60   6.94      6.97   6.58    8.73      7.70

Error stats on boring_mask (raw): travel/solved/mag_nuisance/delta_lifted vs travel
log               t   rmse  bin_rmse    mae      me  rms_trav
--------------  ---  -----  --------  -----  ------  --------
log-0046        385  14.37     14.94  14.03  -14.02     20.57
log-0048        348   5.98      7.74   5.23   -5.12     22.44
log-0049        207   6.70      7.06   5.96   -5.91     24.23
log-0054        688   6.41      6.92   5.77   -5.74     17.94
log-0055        233   8.08      7.53   7.38    6.79     23.70
log-0056        285   6.22      7.05   5.45   -5.29     22.52
log-0058        392   3.41      3.80   2.60   -1.20     23.40
log-0063        124   3.87      4.30   3.03   -2.14     27.45
log-0071_183    434   8.20      8.04   7.79   -7.77     22.61
log-0072_184    347   3.47      3.66   2.49    0.50     21.45
log-0073_185    301  10.29      9.67   8.90   -8.80     19.37
log-0078-valid  135  13.35     13.49  12.54  -12.46     27.76
log-0079        271  11.09     11.14   9.57   -9.32     29.51
log-0080-valid  335  14.60     13.62  13.45   12.71     29.27
log-0081        798  14.45     13.11  11.97  -11.89     20.61
log-0098        232   7.17      7.89   5.72   -4.75     26.59
log-0099        641   9.49      8.77   7.03   -6.02     19.64
log-0113        247  13.66     15.88  12.66  -12.55     28.30
log-0115        178   7.40      7.48   6.15    3.97     26.94
log-0116        190  20.32     20.95  19.17  -19.13     34.38
log-0117        130   6.09      6.51   4.90    2.67     29.05
log-0118        125  30.17     29.05  27.23  -27.02     46.57
log-0119        143   9.91     10.54   8.06   -6.11     39.48
log-0120         59  10.88     11.54   9.41   -8.82     39.04
log-0122        332  16.82     17.52  15.41  -15.21     35.94
log-0125        205  18.93     20.18  17.38  -17.29     35.65
log-0126         62  31.10     32.75  27.65  -27.62     44.94
log-0127        146   8.90     10.08   6.33   -5.20     45.07
log-0129        440  28.70     27.77  27.55  -27.55     35.47
log-0132        301  18.53     18.35  16.82  -16.68     35.25
log-0133        104  11.60     13.19  10.14   -9.90     34.57
log103          419  16.44     17.46  15.73  -15.60     22.78
log104          407  22.26     24.36  21.70  -21.65     21.46
log106          160   6.13      6.59   5.46   -5.28     23.57
log107          171   5.54      5.71   4.86   -4.67     22.19
log109          187  12.15     11.95  11.65  -11.64     22.77
log110          175   9.84      9.81   9.11   -9.07     22.18
log112          338   9.70     10.68   8.81   -8.54     22.97

Median          240.00  10.10     10.61   9.01   -8.67     25.41
Mean            280.92  12.16     12.55  10.92   -9.04     28.10
Std Dev         164.60   7.01      7.03   6.69    8.75      7.70

Error stats on boring_mask (raw): travel/mag_nuisance/corrected vs travel
log               t   rmse  bin_rmse    mae      me  rms_trav
--------------  ---  -----  --------  -----  ------  --------
log-0046        385  14.67     15.93  14.33  -14.33     20.57
log-0048        348   6.23      7.83   5.39   -5.29     22.44
log-0049        207   6.96      7.31   6.09   -6.06     24.23
log-0054        688   6.79      7.65   6.00   -5.99     17.94
log-0055        233   8.11      7.49   7.45    6.59     23.70
log-0056        285   6.68      7.69   5.84   -5.75     22.52
log-0058        392   3.56      4.17   2.64   -1.38     23.40
log-0063        124   4.04      4.46   3.11   -2.23     27.45
log-0071_183    434   8.64      8.61   8.22   -8.21     22.61
log-0072_184    347   3.63      3.85   2.53    0.26     21.45
log-0073_185    301  10.88     10.40   9.33   -9.32     19.37
log-0078-valid  135  13.79     13.95  13.02  -13.01     27.76
log-0079        271  11.30     11.15   9.90   -9.88     29.51
log-0080-valid  335  14.52     13.47  13.45   12.50     29.27
log-0081        798  14.76     13.27  12.23  -12.20     20.61
log-0098        232   7.53      8.30   5.86   -5.00     26.59
log-0099        641  10.21      9.60   7.38   -6.52     19.64
log-0113        247  13.85     16.35  12.94  -12.92     28.30
log-0115        178   6.76      6.48   5.75    3.52     26.94
log-0116        190  20.53     21.26  19.59  -19.59     34.38
log-0117        130   5.91      6.35   4.79    2.50     29.05
log-0118        125  30.26     29.26  27.79  -27.62     46.57
log-0119        143   9.36     10.12   7.68   -6.35     39.48
log-0120         59  10.75     11.48   9.45   -9.20     39.04
log-0122        332  17.19     18.01  15.90  -15.88     35.94
log-0125        205  19.06     20.37  17.68  -17.66     35.65
log-0126         62  31.25     32.93  28.08  -28.08     44.94
log-0127        146   8.66      9.97   6.28   -5.46     45.07
log-0129        440  29.25     29.08  28.34  -28.34     35.47
log-0132        301  19.14     19.34  17.56  -17.55     35.25
log-0133        104  11.63     13.17  10.30  -10.14     34.57
log103          419  16.33     17.70  15.58  -15.47     22.78
log104          407  22.45     24.69  21.88  -21.84     21.46
log106          160   6.25      6.78   5.54   -5.37     23.57
log107          171   5.73      6.05   4.96   -4.77     22.19
log109          187  12.45     12.79  11.93  -11.93     22.77
log110          175  10.27     10.44   9.36   -9.33     22.18
log112          338   9.75     10.76   8.83   -8.55     22.97

Median          240.00  10.51     10.60   9.35   -8.87     25.41
Mean            280.92  12.35     12.86  11.13   -9.36     28.10
Std Dev         164.60   7.05      7.14   6.84    8.85      7.70


======================== CENTERED ERRORS ========================

Cache duration summary
log             samples  dt_ms  total_s  boring_s  boring_%
--------------  -------  -----  -------  --------  --------
log-0046          61344  10.00   613.44    385.08     62.77
log-0048         108107  10.00  1081.07    348.44     32.23
log-0049          44189  10.00   441.89    207.58     46.98
log-0054         111816  10.00  1118.16    688.03     61.53
log-0055          43808  10.00   438.08    233.04     53.20
log-0056          61448  10.00   614.48    285.93     46.53
log-0058          44381  10.00   443.81    392.61     88.46
log-0063          40781  10.00   407.81    124.37     30.50
log-0071_183      65908  10.00   659.08    434.32     65.90
log-0072_184      58385  10.00   583.85    347.94     59.59
log-0073_185      39115  10.00   391.15    301.84     77.17
log-0078-valid    22949  10.00   229.49    135.14     58.89
log-0079          46824  10.00   468.24    271.95     58.08
log-0080-valid    64718  10.00   647.18    335.98     51.91
log-0081         113665  10.00  1136.65    798.84     70.28
log-0098          36717  10.00   367.17    232.66     63.37
log-0099          65579  10.00   655.79    641.06     97.75
log-0113          29498  10.00   294.98    247.17     83.79
log-0115          18835  10.00   188.35    178.71     94.88
log-0116          27283  10.00   272.83    190.02     69.65
log-0117          14148  10.00   141.48    130.70     92.38
log-0118          16328  10.00   163.28    125.54     76.89
log-0119          19584  10.00   195.84    143.68     73.37
log-0120           6011  10.00    60.11     59.21     98.50
log-0122          43803  10.00   438.03    332.50     75.91
log-0125          24913  10.00   249.13    205.81     82.61
log-0126          14241  10.00   142.41     62.80     44.10
log-0127          26922  10.00   269.22    146.38     54.37
log-0129          77819  10.00   778.19    440.18     56.56
log-0132          34660  10.00   346.60    301.85     87.09
log-0133          10539  10.00   105.39    104.50     99.16
log103            72985  10.00   729.85    419.79     57.52
log104            59770  10.00   597.70    407.13     68.12
log106            19535  10.00   195.35    160.32     82.07
log107            25307  10.00   253.07    171.99     67.96
log109            21587  10.00   215.87    187.19     86.71
log110            21450  10.00   214.50    175.89     82.00
log112            63277  10.00   632.77    338.21     53.45

Error stats on boring_mask (centered): travel/mag_model vs travel
log               t   rmse  bin_rmse    mae     me  rms_trav
--------------  ---  -----  --------  -----  -----  --------
log-0046        385   4.10      5.40   2.69   0.00     20.57
log-0048        348   4.00      4.36   2.68   0.00     22.44
log-0049        207   3.97      3.92   2.67  -0.00     24.23
log-0054        688   4.90      5.79   3.28   0.00     17.94
log-0055        233   5.12      5.01   3.66  -0.00     23.70
log-0056        285   5.14      5.53   3.39  -0.00     22.52
log-0058        392   4.29      4.85   2.72  -0.00     23.40
log-0063        124   3.72      3.77   2.80  -0.00     27.45
log-0071_183    434   4.63      5.22   2.87   0.00     22.61
log-0072_184    347   4.58      4.85   3.00  -0.00     21.45
log-0073_185    301   6.76      6.58   5.65   0.00     19.37
log-0078-valid  135   8.21      7.02   6.29   0.00     27.76
log-0079        271   7.37      6.04   5.40   0.00     29.51
log-0080-valid  335  10.77     10.64   7.82   0.00     29.27
log-0081        798  11.05      8.56   9.09   0.00     20.61
log-0098        232   9.89      9.10   6.79  -0.00     26.59
log-0099        641  12.90     10.26  10.74  -0.00     19.64
log-0113        247   6.49      7.20   4.86  -0.00     28.30
log-0115        178   6.31      7.12   4.81  -0.00     26.94
log-0116        190   7.44      7.67   5.54  -0.00     34.38
log-0117        130   6.35      7.91   4.61  -0.00     29.05
log-0118        125  10.04     10.01   8.44   0.00     46.57
log-0119        143   7.22      7.58   5.93   0.00     39.48
log-0120         59   6.37      6.48   4.79   0.00     39.04
log-0122        332   7.85      7.63   6.16  -0.00     35.94
log-0125        205   8.36      8.17   6.84   0.00     35.65
log-0126         62  13.54     13.25  10.88  -0.00     44.94
log-0127        146   7.29      7.99   5.89   0.00     45.07
log-0129        440   9.28     11.16   6.83  -0.00     35.47
log-0132        301  10.59      9.60   8.27  -0.00     35.25
log-0133        104   7.09      7.30   5.35  -0.00     34.57
log103          419   7.54      8.05   4.50   0.00     22.78
log104          407   7.17      8.29   4.46   0.00     21.46
log106          160   4.46      5.14   2.71   0.00     23.57
log107          171   3.86      4.89   2.47   0.00     22.19
log109          187   4.63      6.37   3.04  -0.00     22.77
log110          175   6.20      6.42   4.38   0.00     22.18
log112          338   5.77      6.46   3.75  -0.00     22.97

Median          240.00   6.63      7.07   4.80  -0.00     25.41
Mean            280.92   6.98      7.15   5.16  -0.00     28.10
Std Dev         164.60   2.52      2.11   2.23   0.00      7.70

Error stats on boring_mask (centered): travel/mag_model/adj vs travel
log               t   rmse  bin_rmse    mae     me  rms_trav
--------------  ---  -----  --------  -----  -----  --------
log-0046        385   4.10      5.40   2.69   0.00     20.57
log-0048        348   4.00      4.36   2.68  -0.00     22.44
log-0049        207   3.97      3.92   2.67  -0.00     24.23
log-0054        688   4.90      5.79   3.28  -0.00     17.94
log-0055        233   5.12      5.01   3.66  -0.00     23.70
log-0056        285   5.14      5.53   3.39   0.00     22.52
log-0058        392   4.29      4.85   2.72   0.00     23.40
log-0063        124   3.72      3.77   2.80  -0.00     27.45
log-0071_183    434   4.63      5.22   2.87   0.00     22.61
log-0072_184    347   4.58      4.85   3.00   0.00     21.45
log-0073_185    301   6.76      6.58   5.65  -0.00     19.37
log-0078-valid  135   8.21      7.02   6.29  -0.00     27.76
log-0079        271   7.37      6.04   5.40   0.00     29.51
log-0080-valid  335  10.77     10.64   7.82   0.00     29.27
log-0081        798  11.05      8.56   9.09   0.00     20.61
log-0098        232   9.89      9.10   6.79  -0.00     26.59
log-0099        641  12.90     10.26  10.74  -0.00     19.64
log-0113        247   6.49      7.20   4.86   0.00     28.30
log-0115        178   6.31      7.12   4.81  -0.00     26.94
log-0116        190   7.44      7.67   5.54  -0.00     34.38
log-0117        130   6.35      7.91   4.61  -0.00     29.05
log-0118        125  10.04     10.01   8.44   0.00     46.57
log-0119        143   7.22      7.58   5.93  -0.00     39.48
log-0120         59   6.37      6.48   4.79   0.00     39.04
log-0122        332   7.85      7.63   6.16   0.00     35.94
log-0125        205   8.36      8.17   6.84   0.00     35.65
log-0126         62  13.54     13.25  10.88  -0.00     44.94
log-0127        146   7.29      7.99   5.89   0.00     45.07
log-0129        440   9.28     11.16   6.83  -0.00     35.47
log-0132        301  10.59      9.60   8.27  -0.00     35.25
log-0133        104   7.09      7.30   5.35  -0.00     34.57
log103          419   7.54      8.05   4.50   0.00     22.78
log104          407   7.17      8.29   4.46   0.00     21.46
log106          160   4.46      5.14   2.71  -0.00     23.57
log107          171   3.86      4.89   2.47   0.00     22.19
log109          187   4.63      6.37   3.04  -0.00     22.77
log110          175   6.20      6.42   4.38   0.00     22.18
log112          338   5.77      6.46   3.75   0.00     22.97

Median          240.00   6.63      7.07   4.80  -0.00     25.41
Mean            280.92   6.98      7.15   5.16  -0.00     28.10
Std Dev         164.60   2.52      2.11   2.23   0.00      7.70

Error stats on boring_mask (centered): travel/solved vs travel
log               t   rmse  bin_rmse    mae     me  rms_trav
--------------  ---  -----  --------  -----  -----  --------
log-0046        385   3.28      4.21   2.41   0.00     20.57
log-0048        348   2.98      3.80   2.25   0.00     22.44
log-0049        207   2.91      2.95   2.00  -0.00     24.23
log-0054        688   2.67      2.94   2.01  -0.00     17.94
log-0055        233   4.08      4.05   2.97  -0.00     23.70
log-0056        285   3.34      3.78   2.56  -0.00     22.52
log-0058        392   3.14      3.45   2.37   0.00     23.40
log-0063        124   3.16      3.26   2.53  -0.00     27.45
log-0071_183    434   2.64      2.80   1.93   0.00     22.61
log-0072_184    347   3.41      3.70   2.38   0.00     21.45
log-0073_185    301   4.95      4.93   3.63   0.00     19.37
log-0078-valid  135   4.89      4.75   3.63   0.00     27.76
log-0079        271   5.98      5.70   4.48   0.00     29.51
log-0080-valid  335   6.88      7.16   5.14   0.00     29.27
log-0081        798   8.11      6.89   6.54  -0.00     20.61
log-0098        232   5.16      5.42   3.90   0.00     26.59
log-0099        641   7.12      6.29   5.92  -0.00     19.64
log-0113        247   5.65      7.05   4.40  -0.00     28.30
log-0115        178   6.48      8.26   4.81   0.00     26.94
log-0116        190   7.02      7.51   5.58  -0.00     34.38
log-0117        130   5.69      7.18   4.41  -0.00     29.05
log-0118        125  13.60     13.57  10.89   0.00     46.57
log-0119        143   8.45      8.93   6.77  -0.00     39.48
log-0120         59   6.88      7.08   5.16   0.00     39.04
log-0122        332   7.53      7.97   5.91  -0.00     35.94
log-0125        205   8.00      8.38   6.52   0.00     35.65
log-0126         62  14.77     14.51  11.88   0.00     44.94
log-0127        146   7.70      8.27   5.67   0.00     45.07
log-0129        440   8.11      9.54   6.46  -0.00     35.47
log-0132        301   8.04      7.77   6.24  -0.00     35.25
log-0133        104   6.19      6.84   4.83  -0.00     34.57
log103          419   5.49      5.96   3.85   0.00     22.78
log104          407   5.82      7.97   3.74   0.00     21.46
log106          160   3.13      3.55   2.28   0.00     23.57
log107          171   2.86      3.60   1.93   0.00     22.19
log109          187   3.36      4.46   2.42  -0.00     22.77
log110          175   3.45      3.78   2.39   0.00     22.18
log112          338   4.48      5.17   3.27   0.00     22.97

Median          240.00   5.57      5.83   3.88   0.00     25.41
Mean            280.92   5.72      6.14   4.37  -0.00     28.10
Std Dev         164.60   2.73      2.68   2.26   0.00      7.70

Error stats on boring_mask (centered): travel/solved/mag_nuisance/delta_lifted vs travel
log               t   rmse  bin_rmse    mae     me  rms_trav
--------------  ---  -----  --------  -----  -----  --------
log-0046        385   3.14      3.85   2.29   0.00     20.57
log-0048        348   3.09      3.99   2.29  -0.00     22.44
log-0049        207   3.15      3.16   2.22  -0.00     24.23
log-0054        688   2.87      3.13   2.13  -0.00     17.94
log-0055        233   4.39      4.30   3.30  -0.00     23.70
log-0056        285   3.26      3.61   2.48  -0.00     22.52
log-0058        392   3.20      3.40   2.37   0.00     23.40
log-0063        124   3.23      3.30   2.57  -0.00     27.45
log-0071_183    434   2.62      2.83   1.89   0.00     22.61
log-0072_184    347   3.43      3.72   2.41  -0.00     21.45
log-0073_185    301   5.33      5.34   4.17  -0.00     19.37
log-0078-valid  135   4.77      4.59   3.59   0.00     27.76
log-0079        271   6.01      5.70   4.59   0.00     29.51
log-0080-valid  335   7.20      7.38   5.44  -0.00     29.27
log-0081        798   8.21      6.85   6.71   0.00     20.61
log-0098        232   5.37      5.51   4.01  -0.00     26.59
log-0099        641   7.33      6.37   6.12  -0.00     19.64
log-0113        247   5.41      6.61   4.28   0.00     28.30
log-0115        178   6.25      7.55   4.74  -0.00     26.94
log-0116        190   6.84      7.31   5.48  -0.00     34.38
log-0117        130   5.48      6.72   4.27  -0.00     29.05
log-0118        125  13.42     13.34  10.63   0.00     46.57
log-0119        143   7.80      8.20   6.28  -0.00     39.48
log-0120         59   6.38      6.55   4.75  -0.00     39.04
log-0122        332   7.18      7.38   5.67   0.00     35.94
log-0125        205   7.70      7.96   6.33   0.00     35.65
log-0126         62  14.28     14.02  11.45   0.00     44.94
log-0127        146   7.22      7.83   5.58   0.00     45.07
log-0129        440   8.03      9.34   6.47  -0.00     35.47
log-0132        301   8.06      7.51   6.30  -0.00     35.25
log-0133        104   6.05      6.72   4.75  -0.00     34.57
log103          419   5.18      5.60   3.65   0.00     22.78
log104          407   5.18      7.16   3.39   0.00     21.46
log106          160   3.12      3.54   2.23   0.00     23.57
log107          171   2.97      3.80   1.98   0.00     22.19
log109          187   3.46      4.60   2.46  -0.00     22.77
log110          175   3.81      4.16   2.72   0.00     22.18
log112          338   4.61      5.44   3.28  -0.00     22.97

Median          240.00   5.35      5.65   4.09  -0.00     25.41
Mean            280.92   5.66      6.01   4.35  -0.00     28.10
Std Dev         164.60   2.61      2.50   2.18   0.00      7.70

Error stats on boring_mask (centered): travel/mag_nuisance/corrected vs travel
log               t   rmse  bin_rmse    mae     me  rms_trav
--------------  ---  -----  --------  -----  -----  --------
log-0046        385   3.14      3.88   2.29   0.00     20.57
log-0048        348   3.28      3.87   2.39   0.00     22.44
log-0049        207   3.43      3.39   2.36  -0.00     24.23
log-0054        688   3.20      3.74   2.20   0.00     17.94
log-0055        233   4.73      4.63   3.52  -0.00     23.70
log-0056        285   3.40      3.73   2.48   0.00     22.52
log-0058        392   3.28      3.65   2.38   0.00     23.40
log-0063        124   3.37      3.42   2.66  -0.00     27.45
log-0071_183    434   2.68      2.95   1.80   0.00     22.61
log-0072_184    347   3.62      3.89   2.49   0.00     21.45
log-0073_185    301   5.62      5.72   4.50   0.00     19.37
log-0078-valid  135   4.59      4.41   3.52   0.00     27.76
log-0079        271   5.48      5.01   4.24   0.00     29.51
log-0080-valid  335   7.38      7.78   5.48  -0.00     29.27
log-0081        798   8.31      6.74   6.81   0.00     20.61
log-0098        232   5.63      5.83   4.00   0.00     26.59
log-0099        641   7.85      6.95   6.47   0.00     19.64
log-0113        247   5.01      6.16   3.99  -0.00     28.30
log-0115        178   5.77      6.86   4.53   0.00     26.94
log-0116        190   6.15      6.60   5.00  -0.00     34.38
log-0117        130   5.35      6.71   4.21  -0.00     29.05
log-0118        125  12.36     12.30   9.83   0.00     46.57
log-0119        143   6.88      7.31   5.75  -0.00     39.48
log-0120         59   5.56      5.76   4.24   0.00     39.04
log-0122        332   6.58      6.51   5.38   0.00     35.94
log-0125        205   7.17      7.40   5.95   0.00     35.65
log-0126         62  13.72     13.48  10.82  -0.00     44.94
log-0127        146   6.73      7.47   5.39   0.00     45.07
log-0129        440   7.22      8.07   5.82   0.00     35.47
log-0132        301   7.62      6.92   6.08  -0.00     35.25
log-0133        104   5.69      6.31   4.48  -0.00     34.57
log103          419   5.24      6.13   3.75  -0.00     22.78
log104          407   5.21      7.29   3.44   0.00     21.46
log106          160   3.19      3.63   2.28   0.00     23.57
log107          171   3.16      4.08   2.07   0.00     22.19
log109          187   3.57      5.68   2.45  -0.00     22.77
log110          175   4.29      4.74   2.99   0.00     22.18
log112          338   4.68      5.53   3.31   0.00     22.97

Median          240.00   5.30      5.80   4.00   0.00     25.41
Mean            280.92   5.53      5.91   4.25   0.00     28.10
Std Dev         164.60   2.36      2.20   2.00   0.00      7.70
