Experiment: mag_corr_harry_no_oob
ID: 20260911T050423Z-mag-corr-harry-no-oob
Created: 2026-09-10T22:04:23-07:00
Group: harry
Tags: none
Pipeline code: 33e70bef1e0b
Experiment fingerprint: eee1c81732dfcb121f376694eef0e0c075aeba290588fe17f2250de12027074c
Notes: (none)

======================== UNCENTERED ERRORS ========================

Cache duration summary
log       samples  dt_ms  total_s  active_s  active_%
--------  -------  -----  -------  --------  --------
log-0113    29498  10.00   294.98    236.19     80.07
log-0115    18835  10.00   188.35    171.92     91.28
log-0116    27283  10.00   272.83    180.12     66.02
log-0117    14148  10.00   141.48    123.56     87.33
log-0118    16328  10.00   163.28    110.60     67.74
log-0119    19584  10.00   195.84    139.52     71.24
log-0120     6011  10.00    60.11     49.68     82.65
log-0122    43803  10.00   438.03    320.51     73.17
log-0125    24913  10.00   249.13    189.97     76.25
log-0126    14241  10.00   142.41     54.49     38.26
log-0127    26922  10.00   269.22    105.01     39.01
log-0129    77819  10.00   778.19    415.56     53.40
log-0132    34660  10.00   346.60    267.48     77.17
log-0133    10539  10.00   105.39     93.82     89.02

Error stats on active_mask (raw): travel/mag_model vs travel
log         t   rmse  bin_rmse    mae      me  rms_trav
--------  ---  -----  --------  -----  ------  --------
log-0113  236  30.88     33.26  30.16  -30.16     29.28
log-0115  171  41.52     43.91  41.03  -41.03     26.42
log-0116  180  22.82     23.79  21.63  -21.62     34.57
log-0117  123  17.47     20.04  16.60  -16.59     28.77
log-0118  110  40.71     40.24  39.74  -39.74     40.18
log-0119  139  27.05     27.68  26.02  -26.02     39.62
log-0120   49  29.12     30.03  28.31  -28.31     37.74
log-0122  320  45.68     46.64  44.99  -44.99     35.94
log-0125  189  49.13     49.67  48.41  -48.41     36.34
log-0126   54  49.31     50.37  48.16  -48.16     40.37
log-0127  105  33.24     34.16  32.36  -32.35     39.60
log-0129  415  14.22     16.48  11.16  -10.77     34.86
log-0132  267  44.57     45.16  43.38  -43.38     36.68
log-0133   93  23.53     25.14  22.35  -22.32     32.73

Median    155.00  32.06     33.71  31.26  -31.25     36.14
Mean      175.07  33.52     34.76  32.45  -32.42     35.22
Std Dev   100.50  11.31     10.92  11.63   11.68      4.32

Error stats on active_mask (raw): travel/mag_model/adj vs travel
log         t   rmse  bin_rmse    mae      me  rms_trav
--------  ---  -----  --------  -----  ------  --------
log-0113  236  24.04     26.41  23.11  -23.10     29.28
log-0115  171   7.23      6.76   6.06    3.49     26.42
log-0116  180  24.71     25.68  23.61  -23.61     34.57
log-0117  123   5.87      6.45   4.66    2.08     28.77
log-0118  110  25.44     25.03  23.90  -23.85     40.18
log-0119  139  11.34     11.98   9.48   -8.60     39.62
log-0120   49  12.49     13.29  10.68  -10.45     37.74
log-0122  320  17.99     18.78  16.19  -16.17     35.94
log-0125  189  25.07     25.56  23.61  -23.61     36.34
log-0126   54  29.33     30.38  27.37  -27.36     40.37
log-0127  105   8.29      8.79   6.48   -3.16     39.60
log-0129  415  27.21     29.27  25.58  -25.58     34.86
log-0132  267  23.81     24.23  21.51  -21.51     36.68
log-0133   93  21.90     23.52  20.63  -20.60     32.73

Median    155.00  22.86     23.88  21.07  -21.05     36.14
Mean      175.07  18.91     19.72  17.35  -15.86     35.22
Std Dev   100.50   7.88      8.23   7.86   10.20      4.32

Error stats on active_mask (raw): travel/solved vs travel
log         t   rmse  bin_rmse    mae      me  rms_trav
--------  ---  -----  --------  -----  ------  --------
log-0113  236  21.59     23.20  20.74  -20.69     29.28
log-0115  171   8.16      9.02   6.71    5.07     26.42
log-0116  180  22.02     22.36  20.97  -20.90     34.57
log-0117  123   6.30      7.24   4.97    3.10     28.77
log-0118  110  24.73     23.88  22.83  -22.39     40.18
log-0119  139  10.92     11.53   9.03   -6.79     39.62
log-0120   49  10.93     11.49   9.38   -8.19     37.74
log-0122  320  15.69     16.48  14.15  -13.73     35.94
log-0125  189  22.90     23.43  21.46  -21.33     36.34
log-0126   54  28.30     29.39  25.93  -25.65     40.37
log-0127  105   8.41      8.86   6.50   -0.81     39.60
log-0129  415  23.33     23.23  22.22  -22.18     34.86
log-0132  267  19.29     19.26  17.73  -17.54     36.68
log-0133   93  20.00     20.26  18.77  -18.70     32.73

Median    155.00  19.64     19.76  18.25  -18.12     36.14
Mean      175.07  17.33     17.83  15.81  -13.62     35.22
Std Dev   100.50   6.88      6.76   6.89    9.88      4.32

Error stats on active_mask (raw): travel/solved/mag_nuisance/delta_lifted vs travel
log         t   rmse  bin_rmse    mae      me  rms_trav
--------  ---  -----  --------  -----  ------  --------
log-0113  236  21.94     23.52  21.14  -21.13     29.28
log-0115  171   7.55      7.79   6.32    4.37     26.42
log-0116  180  22.33     22.68  21.31  -21.28     34.57
log-0117  123   5.96      6.59   4.76    2.81     28.77
log-0118  110  25.03     24.24  23.24  -22.90     40.18
log-0119  139  11.03     11.61   9.09   -7.72     39.62
log-0120   49  11.15     11.68   9.59   -8.93     37.74
log-0122  320  16.40     17.15  14.92  -14.70     35.94
log-0125  189  23.57     24.07  22.19  -22.16     36.34
log-0126   54  28.63     29.71  26.45  -26.38     40.37
log-0127  105   7.95      8.35   6.18   -2.07     39.60
log-0129  415  23.60     23.54  22.51  -22.50     34.86
log-0132  267  19.96     19.91  18.35  -18.22     36.68
log-0133   93  20.36     20.74  19.20  -19.16     32.73

Median    155.00  20.16     20.33  18.77  -18.69     36.14
Mean      175.07  17.53     17.97  16.09  -14.28     35.22
Std Dev   100.50   7.16      7.15   7.17    9.81      4.32

Error stats on active_mask (raw): travel/mag_nuisance/corrected vs travel
log         t   rmse  bin_rmse    mae      me  rms_trav
--------  ---  -----  --------  -----  ------  --------
log-0113  236  22.56     24.93  21.83  -21.82     29.28
log-0115  171   6.96      6.64   5.93    3.88     26.42
log-0116  180  23.08     23.84  22.17  -22.17     34.57
log-0117  123   5.80      6.25   4.66    2.62     28.77
log-0118  110  25.08     24.48  23.51  -23.20     40.18
log-0119  139  10.67     11.29   8.80   -8.03     39.62
log-0120   49  11.39     12.11   9.86   -9.59     37.74
log-0122  320  16.80     17.65  15.43  -15.41     35.94
log-0125  189  23.80     24.46  22.61  -22.61     36.34
log-0126   54  28.73     29.86  26.76  -26.75     40.37
log-0127  105   7.53      8.02   5.96   -2.46     39.60
log-0129  415  25.34     26.64  23.97  -23.97     34.86
log-0132  267  21.15     21.63  19.58  -19.57     36.68
log-0133   93  20.75     21.91  19.62  -19.60     32.73

Median    155.00  20.95     21.77  19.60  -19.59     36.14
Mean      175.07  17.83     18.55  16.48  -14.91     35.22
Std Dev   100.50   7.54      7.80   7.53    9.95      4.32


======================== CENTERED ERRORS ========================

Cache duration summary
log       samples  dt_ms  total_s  active_s  active_%
--------  -------  -----  -------  --------  --------
log-0113    29498  10.00   294.98    236.19     80.07
log-0115    18835  10.00   188.35    171.92     91.28
log-0116    27283  10.00   272.83    180.12     66.02
log-0117    14148  10.00   141.48    123.56     87.33
log-0118    16328  10.00   163.28    110.60     67.74
log-0119    19584  10.00   195.84    139.52     71.24
log-0120     6011  10.00    60.11     49.68     82.65
log-0122    43803  10.00   438.03    320.51     73.17
log-0125    24913  10.00   249.13    189.97     76.25
log-0126    14241  10.00   142.41     54.49     38.26
log-0127    26922  10.00   269.22    105.01     39.01
log-0129    77819  10.00   778.19    415.56     53.40
log-0132    34660  10.00   346.60    267.48     77.17
log-0133    10539  10.00   105.39     93.82     89.02

Error stats on active_mask (centered): travel/mag_model vs travel
log         t   rmse  bin_rmse   mae     me  rms_trav
--------  ---  -----  --------  ----  -----  --------
log-0113  236   6.64      7.58  5.10   0.00     29.28
log-0115  171   6.33      7.08  4.79  -0.00     26.42
log-0116  180   7.28      7.63  5.39   0.00     34.57
log-0117  123   5.49      6.87  4.20   0.00     28.77
log-0118  110   8.83      9.11  7.32  -0.00     40.18
log-0119  139   7.39      7.73  6.08   0.00     39.62
log-0120   49   6.84      6.93  5.32   0.00     37.74
log-0122  320   7.90      7.60  6.22   0.00     35.94
log-0125  189   8.42      8.28  6.78   0.00     36.34
log-0126   54  10.57     10.86  8.64  -0.00     40.37
log-0127  105   7.67      7.85  6.14  -0.00     39.60
log-0129  415   9.29     11.01  6.61  -0.00     34.86
log-0132  267  10.22      9.55  7.77   0.00     36.68
log-0133   93   7.43      8.63  5.66  -0.00     32.73

Median    155.00   7.55      7.79  6.11   0.00     36.14
Mean      175.07   7.88      8.34  6.14  -0.00     35.22
Std Dev   100.50   1.40      1.30  1.17   0.00      4.32

Error stats on active_mask (centered): travel/mag_model/adj vs travel
log         t   rmse  bin_rmse   mae     me  rms_trav
--------  ---  -----  --------  ----  -----  --------
log-0113  236   6.64      7.58  5.10   0.00     29.28
log-0115  171   6.33      7.08  4.79  -0.00     26.42
log-0116  180   7.28      7.63  5.39   0.00     34.57
log-0117  123   5.49      6.87  4.20   0.00     28.77
log-0118  110   8.83      9.11  7.32  -0.00     40.18
log-0119  139   7.39      7.73  6.08   0.00     39.62
log-0120   49   6.84      6.93  5.32   0.00     37.74
log-0122  320   7.90      7.60  6.22  -0.00     35.94
log-0125  189   8.42      8.28  6.78   0.00     36.34
log-0126   54  10.57     10.86  8.64  -0.00     40.37
log-0127  105   7.67      7.85  6.14  -0.00     39.60
log-0129  415   9.29     11.01  6.61  -0.00     34.86
log-0132  267  10.22      9.55  7.77   0.00     36.68
log-0133   93   7.43      8.63  5.66  -0.00     32.73

Median    155.00   7.55      7.79  6.11  -0.00     36.14
Mean      175.07   7.88      8.34  6.14  -0.00     35.22
Std Dev   100.50   1.40      1.30  1.17   0.00      4.32

Error stats on active_mask (centered): travel/solved vs travel
log         t   rmse  bin_rmse   mae     me  rms_trav
--------  ---  -----  --------  ----  -----  --------
log-0113  236   6.16      7.97  4.79   0.00     29.28
log-0115  171   6.39      8.41  4.77  -0.00     26.42
log-0116  180   6.93      7.74  5.46   0.00     34.57
log-0117  123   5.49      7.21  4.25  -0.00     28.77
log-0118  110  10.52     11.52  8.31   0.00     40.18
log-0119  139   8.55      9.14  6.87   0.00     39.62
log-0120   49   7.23      7.73  5.58   0.00     37.74
log-0122  320   7.60      8.01  5.97   0.00     35.94
log-0125  189   8.34      8.79  6.70   0.00     36.34
log-0126   54  11.96     12.48  9.47  -0.00     40.37
log-0127  105   8.37      8.76  6.48  -0.00     39.60
log-0129  415   7.24      8.20  5.77  -0.00     34.86
log-0132  267   8.03      7.93  6.11   0.00     36.68
log-0133   93   7.09      8.37  5.64  -0.00     32.73

Median    155.00   7.42      8.28  5.87   0.00     36.14
Mean      175.07   7.85      8.73  6.15   0.00     35.22
Std Dev   100.50   1.64      1.43  1.34   0.00      4.32

Error stats on active_mask (centered): travel/solved/mag_nuisance/delta_lifted vs travel
log         t   rmse  bin_rmse   mae     me  rms_trav
--------  ---  -----  --------  ----  -----  --------
log-0113  236   5.91      7.43  4.64   0.00     29.28
log-0115  171   6.16      7.60  4.69   0.00     26.42
log-0116  180   6.74      7.45  5.34   0.00     34.57
log-0117  123   5.25      6.72  4.11   0.00     28.77
log-0118  110  10.11     10.89  8.00   0.00     40.18
log-0119  139   7.87      8.35  6.38   0.00     39.62
log-0120   49   6.68      6.97  5.15   0.00     37.74
log-0122  320   7.27      7.43  5.76   0.00     35.94
log-0125  189   8.03      8.28  6.48  -0.00     36.34
log-0126   54  11.14     11.57  9.03  -0.00     40.37
log-0127  105   7.68      7.90  6.05   0.00     39.60
log-0129  415   7.11      7.93  5.72  -0.00     34.86
log-0132  267   8.15      7.84  6.22   0.00     36.68
log-0133   93   6.89      7.89  5.49  -0.00     32.73

Median    155.00   7.19      7.86  5.74   0.00     36.14
Mean      175.07   7.50      8.16  5.93   0.00     35.22
Std Dev   100.50   1.51      1.33  1.26   0.00      4.32

Error stats on active_mask (centered): travel/mag_nuisance/corrected vs travel
log         t   rmse  bin_rmse   mae     me  rms_trav
--------  ---  -----  --------  ----  -----  --------
log-0113  236   5.74      7.06  4.52   0.00     29.28
log-0115  171   5.78      6.83  4.51  -0.00     26.42
log-0116  180   6.42      7.01  5.00   0.00     34.57
log-0117  123   5.17      6.53  4.05  -0.00     28.77
log-0118  110   9.53     10.07  7.59  -0.00     40.18
log-0119  139   7.03      7.40  5.89   0.00     39.62
log-0120   49   6.15      6.27  4.82   0.00     37.74
log-0122  320   6.70      6.56  5.48   0.00     35.94
log-0125  189   7.43      7.56  6.03   0.00     36.34
log-0126   54  10.46     10.84  8.50  -0.00     40.37
log-0127  105   7.11      7.34  5.76   0.00     39.60
log-0129  415   8.20      9.74  5.89  -0.00     34.86
log-0132  267   8.02      7.68  6.21   0.00     36.68
log-0133   93   6.81      7.98  5.30  -0.00     32.73

Median    155.00   6.92      7.37  5.62   0.00     36.14
Mean      175.07   7.18      7.78  5.68   0.00     35.22
Std Dev   100.50   1.42      1.37  1.16   0.00      4.32
