Experiment: trap_int_front_default
ID: 20260918T061744Z-trap-int-front-default
Created: 2026-09-17T23:17:44-07:00
Group: front-default
Tags: none
Pipeline code: 4055723d3895
Experiment fingerprint: 9bb3a7da269f8a14a1604021690cdb60400f883ad337392e3c18bddf199f26fd
Notes: (none)

======================== UNCENTERED ERRORS ========================

Cache duration summary
log                    samples  dt_ms  total_s  active_s  active_%
---------------------  -------  -----  -------  --------  --------
log-0046                 61344  10.00   613.44    377.03     61.46
log-0048                108107  10.00  1081.07    334.51     30.94
log-0049                 44189  10.00   441.89    180.09     40.75
log-0054                111816  10.00  1118.16    672.37     60.13
log-0055                 43808  10.00   438.08    225.51     51.48
log-0056                 61448  10.00   614.48    273.30     44.48
log-0058                 44381  10.00   443.81    387.00     87.20
log-0063                 40781  10.00   407.81    103.17     25.30
log-0071_183             65908  10.00   659.08    416.19     63.15
log-0072_184             58385  10.00   583.85    326.32     55.89
log-0073_185             39115  10.00   391.15    286.77     73.31
log-0078-valid           22949  10.00   229.49    132.46     57.72
log-0079                 46824  10.00   468.24    241.22     51.52
log-0080-valid           64718  10.00   647.18    326.08     50.38
log-0081                113665  10.00  1136.65    734.27     64.60
log-0098                 36717  10.00   367.17    224.12     61.04
log-0099                 65579  10.00   655.79    634.47     96.75
log-0113                 29498  10.00   294.98    233.39     79.12
log-0115                 18835  10.00   188.35    171.26     90.93
log-0116                 27283  10.00   272.83    175.84     64.45
log-0117                 14148  10.00   141.48    122.91     86.87
log-0118                 16328  10.00   163.28    110.31     67.56
log-0119                 19584  10.00   195.84    138.52     70.73
log-0120                  6011  10.00    60.11     49.75     82.76
log-0122                 43803  10.00   438.03    318.31     72.67
log-0125                 24913  10.00   249.13    187.64     75.32
log-0126                 14241  10.00   142.41     51.61     36.24
log-0127                 26922  10.00   269.22    102.25     37.98
log-0129                 77819  10.00   778.19    408.43     52.48
log-0132                 34660  10.00   346.60    265.34     76.56
log-0133                 10539  10.00   105.39     93.85     89.05
log-0145-filtered-c01    39029  10.00   390.29    348.40     89.27
log-0147-filtered-c01    20838  10.00   208.38     81.50     39.11
log-0147-filtered-c02    38239  10.00   382.39    319.29     83.50
log-0151-filtered-c01     9991  10.00    99.91     86.34     86.42
log-0152-filtered-c01    16176  10.00   161.76    147.86     91.41
log-0152-filtered-c02    10216  10.00   102.16     92.57     90.61
log-0155-filtered-c01    14580  10.00   145.80    133.20     91.36
log103                   72985  10.00   729.85    396.75     54.36
log104                   59770  10.00   597.70    396.34     66.31
log106                   19535  10.00   195.35    153.85     78.76
log107                   25307  10.00   253.07    168.18     66.46
log109                   21587  10.00   215.87    182.43     84.51
log110                   21450  10.00   214.50    172.22     80.29
log112                   63277  10.00   632.77    330.20     52.18

Error stats on active_mask (raw): travel/mag_model vs travel
log                      t   rmse  bin_rmse    mae      me  rms_trav
---------------------  ---  -----  --------  -----  ------  --------
log-0046               376  16.79     18.65  16.45  -16.45     20.20
log-0048               334   4.29      5.63   3.36   -2.39     22.15
log-0049               179  21.00     21.72  20.75  -20.75     22.06
log-0054               672   6.56      7.43   5.43   -5.36     17.50
log-0055               225   4.23      4.33   2.79   -0.56     23.16
log-0056               273   6.98      6.90   6.23    5.95     22.13
log-0058               386   4.13      4.52   2.71    1.50     23.01
log-0063               103  18.34     19.03  17.97  -17.97     26.00
log-0071_183           416   5.89      6.09   5.44    5.25     21.28
log-0072_184           326   6.01      6.91   4.69   -4.50     20.76
log-0073_185           286  20.94     21.95  20.55  -20.55     19.27
log-0078-valid         132   9.76      9.44   8.19    4.54     28.35
log-0079               241  36.83     37.50  36.24  -36.24     25.57
log-0080-valid         325  41.03     40.32  40.24   39.60     28.87
log-0081               734  17.88     15.94  12.36  -12.09     20.96
log-0098               224  10.05      9.32   7.19    1.31     26.46
log-0099               634  26.53     25.95  23.21  -23.21     19.88
log-0113               233  10.92     13.18   8.90   -8.31     26.37
log-0115               171  25.15     28.71  24.13  -24.13     23.55
log-0116               175   8.70      9.21   5.61   -4.53     30.53
log-0117               122   6.47      7.90   4.40   -3.98     25.82
log-0118               110  14.97     15.91  13.63  -13.49     36.28
log-0119               138   6.60      6.65   4.98    0.80     35.44
log-0120                49  20.00     20.56  18.69  -18.66     33.79
log-0122               318  23.32     24.42  20.83  -20.82     32.17
log-0125               187  29.95     31.05  28.86  -28.86     32.67
log-0126                51  26.88     28.50  25.97  -25.96     36.21
log-0127               102   9.87      9.32   7.98    6.45     34.93
log-0129               408  27.84     27.37  27.18   26.38     31.54
log-0132               265  19.49     20.34  16.16  -16.14     33.10
log-0133                93  13.04     14.35  11.45  -11.38     29.51
log-0145-filtered-c01  348   9.86      7.99   5.74   -4.31     17.95
log-0147-filtered-c01   81  35.31     35.50  34.84  -34.81     16.41
log-0147-filtered-c02  319  29.12     35.39  27.65   25.96     17.44
log-0151-filtered-c01   86  11.24     10.16   6.71   -5.89     19.68
log-0152-filtered-c01  147  21.96     24.52  21.49  -21.45     18.36
log-0152-filtered-c02   92  33.16     32.25  32.66  -32.63     14.12
log-0155-filtered-c01  133  36.43     37.92  36.11  -36.11     26.61
log103                 396  33.09     32.68  32.45  -32.38     22.58
log104                 396  32.05     32.56  31.42  -31.23     21.52
log106                 153  17.60     18.13  17.20  -17.18     22.60
log107                 168  19.57     19.21  19.24  -19.24     21.83
log109                 182  24.08     23.11  23.70  -23.70     21.93
log110                 172  23.50     23.71  22.92  -22.91     21.26
log112                 330  18.32     18.88  17.66  -17.41     22.93

Median                 224.00  18.34     19.03  17.66  -16.14     22.93
Mean                   250.91  18.79     19.36  17.39  -11.51     24.77
Std Dev                156.34  10.23     10.46  10.68   16.55      5.76

Error stats on active_mask (raw): travel/mag_model/adj vs travel
log                      t   rmse  bin_rmse    mae      me  rms_trav
---------------------  ---  -----  --------  -----  ------  --------
log-0046               376  16.79     18.65  16.45  -16.45     20.20
log-0048               334   4.29      5.63   3.36   -2.39     22.15
log-0049               179  21.00     21.72  20.75  -20.75     22.06
log-0054               672   6.56      7.43   5.43   -5.36     17.50
log-0055               225   4.23      4.33   2.79   -0.56     23.16
log-0056               273   6.98      6.90   6.23    5.95     22.13
log-0058               386   4.13      4.52   2.71    1.50     23.01
log-0063               103  18.34     19.03  17.97  -17.97     26.00
log-0071_183           416   5.89      6.09   5.44    5.25     21.28
log-0072_184           326   6.01      6.91   4.69   -4.50     20.76
log-0073_185           286  20.94     21.95  20.55  -20.55     19.27
log-0078-valid         132   9.76      9.44   8.19    4.54     28.35
log-0079               241  36.83     37.50  36.24  -36.24     25.57
log-0080-valid         325  41.03     40.32  40.24   39.60     28.87
log-0081               734  17.88     15.94  12.36  -12.09     20.96
log-0098               224  10.05      9.32   7.19    1.31     26.46
log-0099               634  26.53     25.95  23.21  -23.21     19.88
log-0113               233  10.92     13.18   8.90   -8.31     26.37
log-0115               171  25.15     28.71  24.13  -24.13     23.55
log-0116               175   8.70      9.21   5.61   -4.53     30.53
log-0117               122   6.47      7.90   4.40   -3.98     25.82
log-0118               110  14.97     15.91  13.63  -13.49     36.28
log-0119               138   6.60      6.65   4.98    0.80     35.44
log-0120                49  20.00     20.56  18.69  -18.66     33.79
log-0122               318  23.32     24.42  20.83  -20.82     32.17
log-0125               187  29.95     31.05  28.86  -28.86     32.67
log-0126                51  26.88     28.50  25.97  -25.96     36.21
log-0127               102   9.87      9.32   7.98    6.45     34.93
log-0129               408  27.84     27.37  27.18   26.38     31.54
log-0132               265  19.49     20.34  16.16  -16.14     33.10
log-0133                93  13.04     14.35  11.45  -11.38     29.51
log-0145-filtered-c01  348   9.86      7.99   5.74   -4.31     17.95
log-0147-filtered-c01   81  35.31     35.50  34.84  -34.81     16.41
log-0147-filtered-c02  319  29.12     35.39  27.65   25.96     17.44
log-0151-filtered-c01   86  11.24     10.16   6.71   -5.89     19.68
log-0152-filtered-c01  147  21.96     24.52  21.49  -21.45     18.36
log-0152-filtered-c02   92  33.16     32.25  32.66  -32.63     14.12
log-0155-filtered-c01  133  36.43     37.92  36.11  -36.11     26.61
log103                 396  33.09     32.68  32.45  -32.38     22.58
log104                 396  32.05     32.56  31.42  -31.23     21.52
log106                 153  17.60     18.13  17.20  -17.18     22.60
log107                 168  19.57     19.21  19.24  -19.24     21.83
log109                 182  24.08     23.11  23.70  -23.70     21.93
log110                 172  23.50     23.71  22.92  -22.91     21.26
log112                 330  18.32     18.88  17.66  -17.41     22.93

Median                 224.00  18.34     19.03  17.66  -16.14     22.93
Mean                   250.91  18.79     19.36  17.39  -11.51     24.77
Std Dev                156.34  10.23     10.46  10.68   16.55      5.76

Error stats on active_mask (raw): travel/solved vs travel
log                      t   rmse  bin_rmse    mae      me  rms_trav
---------------------  ---  -----  --------  -----  ------  --------
log-0046               376   4.11      5.02   3.52   -3.25     20.20
log-0048               334   2.88      3.43   2.08    0.87     22.15
log-0049               179   6.23      6.83   5.76   -5.63     22.06
log-0054               672   2.51      2.85   1.95   -0.88     17.50
log-0055               225   2.50      2.57   1.94   -0.48     23.16
log-0056               273   4.02      3.97   3.21    3.05     22.13
log-0058               386   2.69      2.87   1.94    0.76     23.01
log-0063               103   3.73      3.57   2.93    1.97     26.00
log-0071_183           416   5.86      5.73   5.56   -5.45     21.28
log-0072_184           326   3.47      3.42   2.75    2.54     20.76
log-0073_185           286   2.62      3.13   1.88   -1.31     19.27
log-0078-valid         132   6.12      5.85   4.50   -3.15     28.35
log-0079               241   6.06      5.50   5.04    3.85     25.57
log-0080-valid         325   9.35      9.69   8.00   -7.82     28.87
log-0081               734  10.04      9.43   8.79    3.64     20.96
log-0098               224   5.18      5.17   3.85    0.38     26.46
log-0099               634   8.79      7.86   7.58    2.79     19.88
log-0113               233  11.65     12.71  10.92  -10.86     26.37
log-0115               171   5.78      7.73   3.96   -2.38     23.55
log-0116               175  10.23      9.89   9.25    8.90     30.53
log-0117               122  11.43     12.14  10.96  -10.92     25.82
log-0118               110  15.38     14.72  14.39   14.34     36.28
log-0119               138   6.25      6.99   5.10   -3.18     35.44
log-0120                49   6.49      6.53   5.31   -4.63     33.79
log-0122               318  11.39     10.39  10.09    8.68     32.17
log-0125               187   9.31     10.17   8.04   -7.02     32.67
log-0126                51  54.96     53.45  54.52   54.52     36.21
log-0127               102  10.69     11.93   9.50   -9.18     34.93
log-0129               408   7.81      8.14   6.60   -6.31     31.54
log-0132               265  12.76     12.50  11.25  -11.11     33.10
log-0133                93  10.06      9.46   9.06    8.93     29.51
log-0145-filtered-c01  348  13.34     14.14  12.46   11.97     17.95
log-0147-filtered-c01   81  14.63     14.84  13.65  -13.26     16.41
log-0147-filtered-c02  319  27.59     33.39  26.60   26.55     17.44
log-0151-filtered-c01   86  11.73     15.44  10.14    9.57     19.68
log-0152-filtered-c01  147   7.53     10.26   6.44   -5.92     18.36
log-0152-filtered-c02   92   9.98      9.16   8.63   -8.26     14.12
log-0155-filtered-c01  133  13.23     14.79  12.37  -12.06     26.61
log103                 396   9.61     10.20   8.99   -8.35     22.58
log104                 396  20.80     22.60  20.28  -20.04     21.52
log106                 153   2.53      2.98   1.75   -0.46     22.60
log107                 168   3.00      4.04   1.95    0.82     21.83
log109                 182   7.06      6.72   6.56   -6.45     21.93
log110                 172   3.81      4.36   2.77   -1.95     21.26
log112                 330   9.62     10.40   8.91   -8.40     22.93

Median                 224.00   7.81      8.14   6.60   -1.95     22.93
Mean                   250.91   9.44      9.93   8.48   -0.32     24.77
Std Dev                156.34   8.49      8.66   8.53   11.68      5.76

Error stats on active_mask (raw): travel/solved/mag_nuisance/delta_lifted vs travel
log                      t   rmse  bin_rmse    mae      me  rms_trav
---------------------  ---  -----  --------  -----  ------  --------
log-0046               376  16.34     17.65  16.09  -16.09     20.20
log-0048               334   4.40      5.90   3.26   -2.63     22.15
log-0049               179  20.65     21.35  20.45  -20.45     22.06
log-0054               672   6.17      6.93   5.26   -5.24     17.50
log-0055               225   3.57      3.67   2.34   -0.53     23.16
log-0056               273   6.83      6.64   6.31    5.98     22.13
log-0058               386   3.88      4.11   2.72    1.32     23.01
log-0063               103  18.59     19.41  18.32  -18.32     26.00
log-0071_183           416   5.72      5.89   5.37    5.15     21.28
log-0072_184           326   5.11      5.71   4.24   -4.11     20.76
log-0073_185           286  20.31     21.00  20.07  -20.07     19.27
log-0078-valid         132   7.73      7.92   6.35    4.11     28.35
log-0079               241  36.68     37.52  36.36  -36.36     25.57
log-0080-valid         325  40.11     39.57  39.68   39.54     28.87
log-0081               734  15.38     14.08  11.57  -11.46     20.96
log-0098               224   5.77      5.65   4.28    1.23     26.46
log-0099               634  23.84     24.08  22.15  -22.15     19.88
log-0113               233   9.83     11.68   8.44   -8.21     26.37
log-0115               171  24.18     27.38  23.46  -23.46     23.55
log-0116               175   6.90      7.34   4.94   -4.02     30.53
log-0117               122   6.67      8.13   4.58   -4.19     25.82
log-0118               110  15.22     16.12  14.24  -14.11     36.28
log-0119               138   5.55      5.71   4.35    0.91     35.44
log-0120                49  18.41     18.79  17.62  -17.61     33.79
log-0122               318  21.58     22.73  19.97  -19.96     32.17
log-0125               187  28.71     29.92  27.98  -27.98     32.67
log-0126                51  26.24     27.86  25.50  -25.50     36.21
log-0127               102   8.83      8.23   7.42    6.58     34.93
log-0129               408  27.30     26.68  26.72   26.67     31.54
log-0132               265  17.88     18.68  15.52  -15.47     33.10
log-0133                93  11.92     12.92  10.98  -10.95     29.51
log-0145-filtered-c01  348   7.93      6.43   4.80   -3.39     17.95
log-0147-filtered-c01   81  35.23     35.53  34.77  -34.74     16.41
log-0147-filtered-c02  319  28.59     34.45  27.47   26.98     17.44
log-0151-filtered-c01   86  10.90      9.84   6.68   -5.69     19.68
log-0152-filtered-c01  147  21.66     24.30  21.25  -21.22     18.36
log-0152-filtered-c02   92  33.03     32.21  32.62  -32.60     14.12
log-0155-filtered-c01  133  37.14     38.47  36.81  -36.79     26.61
log103                 396  32.15     32.50  31.80  -31.79     22.58
log104                 396  30.24     32.02  29.85  -29.68     21.52
log106                 153  17.32     17.86  17.07  -17.07     22.60
log107                 168  19.50     19.38  19.27  -19.27     21.83
log109                 182  23.50     22.89  23.29  -23.29     21.93
log110                 172  22.74     23.13  22.50  -22.50     21.26
log112                 330  17.89     18.78  17.27  -17.16     22.93

Median                 224.00  17.89     18.78  17.27  -15.47     22.93
Mean                   250.91  17.96     18.60  16.93  -11.23     24.77
Std Dev                156.34  10.35     10.65  10.76   16.48      5.76

Error stats on active_mask (raw): travel/mag_nuisance/corrected vs travel
log                      t   rmse  bin_rmse    mae      me  rms_trav
---------------------  ---  -----  --------  -----  ------  --------
log-0046               376  16.56     18.51  16.25  -16.25     20.20
log-0048               334   4.43      5.82   3.24   -2.60     22.15
log-0049               179  20.76     21.56  20.54  -20.54     22.06
log-0054               672   6.31      7.21   5.31   -5.29     17.50
log-0055               225   3.81      3.92   2.42   -0.60     23.16
log-0056               273   6.92      6.75   6.37    5.86     22.13
log-0058               386   4.10      4.49   2.74    1.32     23.01
log-0063               103  18.57     19.40  18.27  -18.27     26.00
log-0071_183           416   5.83      6.02   5.45    5.12     21.28
log-0072_184           326   5.71      6.49   4.45   -4.32     20.76
log-0073_185           286  20.61     21.68  20.28  -20.28     19.27
log-0078-valid         132   7.74      7.97   6.38    4.10     28.35
log-0079               241  36.59     37.39  36.28  -36.28     25.57
log-0080-valid         325  40.05     39.56  39.59   39.57     28.87
log-0081               734  15.63     14.30  11.71  -11.60     20.96
log-0098               224   5.75      5.64   4.32    1.21     26.46
log-0099               634  24.07     24.38  22.33  -22.32     19.88
log-0113               233  10.06     12.12   8.54   -8.30     26.37
log-0115               171  24.68     28.27  23.84  -23.84     23.55
log-0116               175   7.16      7.65   5.02   -4.19     30.53
log-0117               122   7.03      8.66   4.72   -4.36     25.82
log-0118               110  15.30     16.37  14.29  -14.16     36.28
log-0119               138   5.57      5.65   4.37    0.79     35.44
log-0120                49  18.90     19.42  18.04  -18.01     33.79
log-0122               318  22.18     23.43  20.33  -20.33     32.17
log-0125               187  29.03     30.29  28.27  -28.27     32.67
log-0126                51  26.47     28.18  25.73  -25.72     36.21
log-0127               102   8.86      8.23   7.44    6.64     34.93
log-0129               408  27.27     26.62  26.67   26.60     31.54
log-0132               265  18.42     19.38  15.82  -15.81     33.10
log-0133                93  12.06     13.11  11.07  -11.02     29.51
log-0145-filtered-c01  348   9.24      7.48   5.54   -4.12     17.95
log-0147-filtered-c01   81  35.32     35.51  34.86  -34.83     16.41
log-0147-filtered-c02  319  29.16     35.41  27.72   26.11     17.44
log-0151-filtered-c01   86  11.52     10.34   6.90   -6.08     19.68
log-0152-filtered-c01  147  22.00     24.55  21.54  -21.49     18.36
log-0152-filtered-c02   92  33.20     32.28  32.71  -32.68     14.12
log-0155-filtered-c01  133  36.63     38.03  36.33  -36.32     26.61
log103                 396  32.31     32.68  31.96  -31.96     22.58
log104                 396  30.79     32.50  30.45  -30.42     21.52
log106                 153  17.56     18.31  17.25  -17.25     22.60
log107                 168  19.51     19.37  19.23  -19.22     21.83
log109                 182  23.73     23.10  23.45  -23.45     21.93
log110                 172  22.99     23.54  22.64  -22.64     21.26
log112                 330  18.17     18.99  17.51  -17.48     22.93

Median                 224.00  18.42     19.37  17.51  -15.81     22.93
Mean                   250.91  18.19     18.90  17.07  -11.40     24.77
Std Dev                156.34  10.30     10.62  10.74   16.47      5.76


======================== CENTERED ERRORS ========================

Cache duration summary
log                    samples  dt_ms  total_s  active_s  active_%
---------------------  -------  -----  -------  --------  --------
log-0046                 61344  10.00   613.44    377.03     61.46
log-0048                108107  10.00  1081.07    334.51     30.94
log-0049                 44189  10.00   441.89    180.09     40.75
log-0054                111816  10.00  1118.16    672.37     60.13
log-0055                 43808  10.00   438.08    225.51     51.48
log-0056                 61448  10.00   614.48    273.30     44.48
log-0058                 44381  10.00   443.81    387.00     87.20
log-0063                 40781  10.00   407.81    103.17     25.30
log-0071_183             65908  10.00   659.08    416.19     63.15
log-0072_184             58385  10.00   583.85    326.32     55.89
log-0073_185             39115  10.00   391.15    286.77     73.31
log-0078-valid           22949  10.00   229.49    132.46     57.72
log-0079                 46824  10.00   468.24    241.22     51.52
log-0080-valid           64718  10.00   647.18    326.08     50.38
log-0081                113665  10.00  1136.65    734.27     64.60
log-0098                 36717  10.00   367.17    224.12     61.04
log-0099                 65579  10.00   655.79    634.47     96.75
log-0113                 29498  10.00   294.98    233.39     79.12
log-0115                 18835  10.00   188.35    171.26     90.93
log-0116                 27283  10.00   272.83    175.84     64.45
log-0117                 14148  10.00   141.48    122.91     86.87
log-0118                 16328  10.00   163.28    110.31     67.56
log-0119                 19584  10.00   195.84    138.52     70.73
log-0120                  6011  10.00    60.11     49.75     82.76
log-0122                 43803  10.00   438.03    318.31     72.67
log-0125                 24913  10.00   249.13    187.64     75.32
log-0126                 14241  10.00   142.41     51.61     36.24
log-0127                 26922  10.00   269.22    102.25     37.98
log-0129                 77819  10.00   778.19    408.43     52.48
log-0132                 34660  10.00   346.60    265.34     76.56
log-0133                 10539  10.00   105.39     93.85     89.05
log-0145-filtered-c01    39029  10.00   390.29    348.40     89.27
log-0147-filtered-c01    20838  10.00   208.38     81.50     39.11
log-0147-filtered-c02    38239  10.00   382.39    319.29     83.50
log-0151-filtered-c01     9991  10.00    99.91     86.34     86.42
log-0152-filtered-c01    16176  10.00   161.76    147.86     91.41
log-0152-filtered-c02    10216  10.00   102.16     92.57     90.61
log-0155-filtered-c01    14580  10.00   145.80    133.20     91.36
log103                   72985  10.00   729.85    396.75     54.36
log104                   59770  10.00   597.70    396.34     66.31
log106                   19535  10.00   195.35    153.85     78.76
log107                   25307  10.00   253.07    168.18     66.46
log109                   21587  10.00   215.87    182.43     84.51
log110                   21450  10.00   214.50    172.22     80.29
log112                   63277  10.00   632.77    330.20     52.18

Error stats on active_mask (centered): travel/mag_model vs travel
log                      t   rmse  bin_rmse    mae     me  rms_trav
---------------------  ---  -----  --------  -----  -----  --------
log-0046               376   3.35      4.76   2.11  -0.00     20.20
log-0048               334   3.56      4.40   2.30  -0.00     22.15
log-0049               179   3.21      3.66   2.03  -0.00     22.06
log-0054               672   3.78      4.40   2.58   0.00     17.50
log-0055               225   4.19      4.27   2.76   0.00     23.16
log-0056               273   3.65      3.97   2.35  -0.00     22.13
log-0058               386   3.85      4.43   2.42  -0.00     23.01
log-0063               103   3.68      4.09   2.59  -0.00     26.00
log-0071_183           416   2.67      2.95   1.68  -0.00     21.28
log-0072_184           326   3.98      4.56   2.31  -0.00     20.76
log-0073_185           286   4.02      4.90   2.63   0.00     19.27
log-0078-valid         132   8.64      8.16   6.32   0.00     28.35
log-0079               241   6.57      5.74   5.04  -0.00     25.57
log-0080-valid         325  10.76     10.89   6.68  -0.00     28.87
log-0081               734  13.18     11.65  10.26   0.00     20.96
log-0098               224   9.96      9.37   6.82   0.00     26.46
log-0099               634  12.85     10.73  10.53   0.00     19.88
log-0113               233   7.08      8.33   4.74  -0.00     26.37
log-0115               171   7.11      7.98   5.10  -0.00     23.55
log-0116               175   7.42      7.69   4.96  -0.00     30.53
log-0117               122   5.11      5.87   3.25  -0.00     25.82
log-0118               110   6.48      6.97   5.08   0.00     36.28
log-0119               138   6.55      6.72   4.97   0.00     35.44
log-0120                49   7.20      7.34   5.21   0.00     33.79
log-0122               318  10.51     10.22   7.90  -0.00     32.17
log-0125               187   7.98      7.54   5.96   0.00     32.67
log-0126                51   6.98      7.29   5.77   0.00     36.21
log-0127               102   7.47      7.69   5.16   0.00     34.93
log-0129               408   8.88     10.08   5.24  -0.00     31.54
log-0132               265  10.93     11.23   8.14   0.00     33.10
log-0133                93   6.38      7.14   4.46  -0.00     29.51
log-0145-filtered-c01  348   8.86      7.85   6.49   0.00     17.95
log-0147-filtered-c01   81   5.91      5.18   4.65  -0.00     16.41
log-0147-filtered-c02  319  13.20     15.78   7.46   0.00     17.44
log-0151-filtered-c01   86   9.57     10.93   5.71   0.00     19.68
log-0152-filtered-c01  147   4.73      5.53   3.37  -0.00     18.36
log-0152-filtered-c02   92   5.88      5.32   4.85   0.00     14.12
log-0155-filtered-c01  133   4.87      4.78   3.96  -0.00     26.61
log103                 396   6.85      7.76   4.00   0.00     22.58
log104                 396   7.17      8.78   3.77  -0.00     21.52
log106                 153   3.82      4.66   2.23  -0.00     22.60
log107                 168   3.58      4.73   2.16   0.00     21.83
log109                 182   4.24      5.55   2.70  -0.00     21.93
log110                 172   5.22      6.05   3.17  -0.00     21.26
log112                 330   5.72      6.72   3.69   0.00     22.93

Median                 224.00   6.48      6.72   4.65  -0.00     22.93
Mean                   250.91   6.61      6.99   4.57  -0.00     24.77
Std Dev                156.34   2.79      2.64   2.11   0.00      5.76

Error stats on active_mask (centered): travel/mag_model/adj vs travel
log                      t   rmse  bin_rmse    mae     me  rms_trav
---------------------  ---  -----  --------  -----  -----  --------
log-0046               376   3.35      4.76   2.11  -0.00     20.20
log-0048               334   3.56      4.40   2.30  -0.00     22.15
log-0049               179   3.21      3.66   2.03  -0.00     22.06
log-0054               672   3.78      4.40   2.58   0.00     17.50
log-0055               225   4.19      4.27   2.76   0.00     23.16
log-0056               273   3.65      3.97   2.35  -0.00     22.13
log-0058               386   3.85      4.43   2.42  -0.00     23.01
log-0063               103   3.68      4.09   2.59  -0.00     26.00
log-0071_183           416   2.67      2.95   1.68  -0.00     21.28
log-0072_184           326   3.98      4.56   2.31  -0.00     20.76
log-0073_185           286   4.02      4.90   2.63   0.00     19.27
log-0078-valid         132   8.64      8.16   6.32   0.00     28.35
log-0079               241   6.57      5.74   5.04  -0.00     25.57
log-0080-valid         325  10.76     10.89   6.68  -0.00     28.87
log-0081               734  13.18     11.65  10.26   0.00     20.96
log-0098               224   9.96      9.37   6.82   0.00     26.46
log-0099               634  12.85     10.73  10.53   0.00     19.88
log-0113               233   7.08      8.33   4.74  -0.00     26.37
log-0115               171   7.11      7.98   5.10  -0.00     23.55
log-0116               175   7.42      7.69   4.96  -0.00     30.53
log-0117               122   5.11      5.87   3.25  -0.00     25.82
log-0118               110   6.48      6.97   5.08   0.00     36.28
log-0119               138   6.55      6.72   4.97   0.00     35.44
log-0120                49   7.20      7.34   5.21   0.00     33.79
log-0122               318  10.51     10.22   7.90  -0.00     32.17
log-0125               187   7.98      7.54   5.96   0.00     32.67
log-0126                51   6.98      7.29   5.77   0.00     36.21
log-0127               102   7.47      7.69   5.16   0.00     34.93
log-0129               408   8.88     10.08   5.24  -0.00     31.54
log-0132               265  10.93     11.23   8.14   0.00     33.10
log-0133                93   6.38      7.14   4.46  -0.00     29.51
log-0145-filtered-c01  348   8.86      7.85   6.49   0.00     17.95
log-0147-filtered-c01   81   5.91      5.18   4.65  -0.00     16.41
log-0147-filtered-c02  319  13.20     15.78   7.46   0.00     17.44
log-0151-filtered-c01   86   9.57     10.93   5.71   0.00     19.68
log-0152-filtered-c01  147   4.73      5.53   3.37  -0.00     18.36
log-0152-filtered-c02   92   5.88      5.32   4.85   0.00     14.12
log-0155-filtered-c01  133   4.87      4.78   3.96  -0.00     26.61
log103                 396   6.85      7.76   4.00   0.00     22.58
log104                 396   7.17      8.78   3.77  -0.00     21.52
log106                 153   3.82      4.66   2.23  -0.00     22.60
log107                 168   3.58      4.73   2.16   0.00     21.83
log109                 182   4.24      5.55   2.70  -0.00     21.93
log110                 172   5.22      6.05   3.17  -0.00     21.26
log112                 330   5.72      6.72   3.69   0.00     22.93

Median                 224.00   6.48      6.72   4.65  -0.00     22.93
Mean                   250.91   6.61      6.99   4.57  -0.00     24.77
Std Dev                156.34   2.79      2.64   2.11   0.00      5.76

Error stats on active_mask (centered): travel/solved vs travel
log                      t  rmse  bin_rmse   mae     me  rms_trav
---------------------  ---  ----  --------  ----  -----  --------
log-0046               376  2.51      3.31  1.84  -0.00     20.20
log-0048               334  2.75      3.69  2.03  -0.00     22.15
log-0049               179  2.67      3.00  1.77  -0.00     22.06
log-0054               672  2.35      2.59  1.80   0.00     17.50
log-0055               225  2.45      2.49  1.88  -0.00     23.16
log-0056               273  2.63      2.88  2.00  -0.00     22.13
log-0058               386  2.58      2.86  1.91  -0.00     23.01
log-0063               103  3.17      3.44  2.42   0.00     26.00
log-0071_183           416  2.15      2.34  1.53   0.00     21.28
log-0072_184           326  2.37      2.69  1.67  -0.00     20.76
log-0073_185           286  2.28      2.70  1.46   0.00     19.27
log-0078-valid         132  5.24      5.21  4.11   0.00     28.35
log-0079               241  4.68      4.68  3.65   0.00     25.57
log-0080-valid         325  5.12      5.07  3.98   0.00     28.87
log-0081               734  9.36      8.18  7.54  -0.00     20.96
log-0098               224  5.17      5.21  3.79   0.00     26.46
log-0099               634  8.34      7.57  6.95  -0.00     19.88
log-0113               233  4.22      4.48  3.37  -0.00     26.37
log-0115               171  5.27      6.49  3.89  -0.00     23.55
log-0116               175  5.05      5.08  3.83   0.00     30.53
log-0117               122  3.37      3.45  2.52  -0.00     25.82
log-0118               110  5.58      5.90  4.38   0.00     36.28
log-0119               138  5.38      5.74  4.37   0.00     35.44
log-0120                49  4.55      4.41  3.52   0.00     33.79
log-0122               318  7.38      7.39  5.76  -0.00     32.17
log-0125               187  6.11      6.08  4.88   0.00     32.67
log-0126                51  6.99      7.14  5.51  -0.00     36.21
log-0127               102  5.48      6.04  4.35   0.00     34.93
log-0129               408  4.59      4.53  3.66   0.00     31.54
log-0132               265  6.27      5.71  4.78  -0.00     33.10
log-0133                93  4.62      4.96  3.59  -0.00     29.51
log-0145-filtered-c01  348  5.88      5.26  4.43   0.00     17.95
log-0147-filtered-c01   81  6.17      5.59  4.64  -0.00     16.41
log-0147-filtered-c02  319  7.51     11.31  5.25   0.00     17.44
log-0151-filtered-c01   86  6.78      8.82  4.23   0.00     19.68
log-0152-filtered-c01  147  4.65      6.02  3.45  -0.00     18.36
log-0152-filtered-c02   92  5.60      5.00  4.59  -0.00     14.12
log-0155-filtered-c01  133  5.44      5.49  4.00  -0.00     26.61
log103                 396  4.75      5.39  3.19   0.00     22.58
log104                 396  5.58      7.46  3.38   0.00     21.52
log106                 153  2.49      2.90  1.68  -0.00     22.60
log107                 168  2.89      3.83  1.80   0.00     21.83
log109                 182  2.88      4.08  2.04  -0.00     21.93
log110                 172  3.28      3.89  2.10  -0.00     21.26
log112                 330  4.69      5.40  3.36  -0.00     22.93

Median                 224.00  4.69      5.07  3.59  -0.00     22.93
Mean                   250.91  4.65      5.02  3.49   0.00     24.77
Std Dev                156.34  1.77      1.87  1.44   0.00      5.76

Error stats on active_mask (centered): travel/solved/mag_nuisance/delta_lifted vs travel
log                      t   rmse  bin_rmse   mae     me  rms_trav
---------------------  ---  -----  --------  ----  -----  --------
log-0046               376   2.85      3.78  1.99  -0.00     20.20
log-0048               334   3.53      4.39  2.34   0.00     22.15
log-0049               179   2.88      3.20  1.93  -0.00     22.06
log-0054               672   3.25      3.74  2.13   0.00     17.50
log-0055               225   3.53      3.60  2.36   0.00     23.16
log-0056               273   3.29      3.64  2.20  -0.00     22.13
log-0058               386   3.64      4.10  2.33  -0.00     23.01
log-0063               103   3.15      3.36  2.40  -0.00     26.00
log-0071_183           416   2.49      2.79  1.61  -0.00     21.28
log-0072_184           326   3.03      3.36  1.94  -0.00     20.76
log-0073_185           286   3.10      3.68  2.08   0.00     19.27
log-0078-valid         132   6.55      6.49  4.65  -0.00     28.35
log-0079               241   4.79      4.77  3.73  -0.00     25.57
log-0080-valid         325   6.78      7.05  4.53   0.00     28.87
log-0081               734  10.25      9.41  8.10   0.00     20.96
log-0098               224   5.64      5.70  4.01   0.00     26.46
log-0099               634   8.82      7.98  7.27  -0.00     19.88
log-0113               233   5.40      6.10  3.79  -0.00     26.37
log-0115               171   5.86      7.12  4.37  -0.00     23.55
log-0116               175   5.61      5.79  4.05   0.00     30.53
log-0117               122   5.19      6.05  3.26  -0.00     25.82
log-0118               110   5.71      6.07  4.45   0.00     36.28
log-0119               138   5.47      5.78  4.32  -0.00     35.44
log-0120                49   5.37      5.40  4.08   0.00     33.79
log-0122               318   8.22      8.14  6.35   0.00     32.17
log-0125               187   6.44      6.32  5.04   0.00     32.67
log-0126                51   6.20      6.67  5.17   0.00     36.21
log-0127               102   5.89      6.23  4.52  -0.00     34.93
log-0129               408   5.84      6.12  4.25   0.00     31.54
log-0132               265   8.95      9.31  6.85  -0.00     33.10
log-0133                93   4.72      5.11  3.63  -0.00     29.51
log-0145-filtered-c01  348   7.17      6.31  5.24  -0.00     17.95
log-0147-filtered-c01   81   5.81      5.24  4.39  -0.00     16.41
log-0147-filtered-c02  319   9.46     12.69  6.10   0.00     17.44
log-0151-filtered-c01   86   9.30     10.53  5.48   0.00     19.68
log-0152-filtered-c01  147   4.35      5.44  3.26  -0.00     18.36
log-0152-filtered-c02   92   5.35      4.89  4.37   0.00     14.12
log-0155-filtered-c01  133   5.05      4.92  3.71  -0.00     26.61
log103                 396   4.82      5.39  3.15   0.00     22.58
log104                 396   5.79      7.62  3.19   0.00     21.52
log106                 153   2.95      3.48  1.86   0.00     22.60
log107                 168   2.96      4.00  1.92   0.00     21.83
log109                 182   3.16      4.48  2.20   0.00     21.93
log110                 172   3.29      3.78  2.23  -0.00     21.26
log112                 330   5.07      5.99  3.41  -0.00     22.93

Median                 224.00   5.35      5.44  3.73  -0.00     22.93
Mean                   250.91   5.27      5.69  3.78   0.00     24.77
Std Dev                156.34   1.98      2.04  1.56   0.00      5.76

Error stats on active_mask (centered): travel/mag_nuisance/corrected vs travel
log                      t   rmse  bin_rmse   mae     me  rms_trav
---------------------  ---  -----  --------  ----  -----  --------
log-0046               376   3.22      4.57  2.11  -0.00     20.20
log-0048               334   3.59      4.34  2.32   0.00     22.15
log-0049               179   3.07      3.44  2.01  -0.00     22.06
log-0054               672   3.45      4.09  2.19   0.00     17.50
log-0055               225   3.76      3.84  2.44   0.00     23.16
log-0056               273   3.67      4.04  2.29  -0.00     22.13
log-0058               386   3.88      4.51  2.34  -0.00     23.01
log-0063               103   3.33      3.59  2.49   0.00     26.00
log-0071_183           416   2.80      3.15  1.65   0.00     21.28
log-0072_184           326   3.73      4.20  2.17   0.00     20.76
log-0073_185           286   3.63      4.48  2.36   0.00     19.27
log-0078-valid         132   6.57      6.54  4.66  -0.00     28.35
log-0079               241   4.73      4.68  3.71  -0.00     25.57
log-0080-valid         325   6.21      6.34  4.47  -0.00     28.87
log-0081               734  10.48      9.76  8.26   0.00     20.96
log-0098               224   5.63      5.68  4.03   0.00     26.46
log-0099               634   9.01      8.19  7.43  -0.00     19.88
log-0113               233   5.69      6.51  3.96  -0.00     26.37
log-0115               171   6.36      7.53  4.74  -0.00     23.55
log-0116               175   5.81      6.01  4.16   0.00     30.53
log-0117               122   5.52      6.48  3.42  -0.00     25.82
log-0118               110   5.81      6.09  4.49   0.00     36.28
log-0119               138   5.52      5.73  4.34   0.00     35.44
log-0120                49   5.72      5.81  4.37   0.00     33.79
log-0122               318   8.88      8.75  6.94   0.00     32.17
log-0125               187   6.57      6.34  5.11   0.00     32.67
log-0126                51   6.24      6.70  5.18   0.00     36.21
log-0127               102   5.86      6.18  4.52   0.00     34.93
log-0129               408   6.00      6.29  4.31  -0.00     31.54
log-0132               265   9.46      9.90  7.26  -0.00     33.10
log-0133                93   4.92      5.30  3.72   0.00     29.51
log-0145-filtered-c01  348   8.27      7.36  6.20  -0.00     17.95
log-0147-filtered-c01   81   5.85      5.13  4.60  -0.00     16.41
log-0147-filtered-c02  319  12.98     15.59  7.26   0.00     17.44
log-0151-filtered-c01   86   9.78     11.12  5.99   0.00     19.68
log-0152-filtered-c01  147   4.68      5.48  3.34  -0.00     18.36
log-0152-filtered-c02   92   5.86      5.31  4.84  -0.00     14.12
log-0155-filtered-c01  133   4.69      4.60  3.84  -0.00     26.61
log103                 396   4.73      5.79  3.14  -0.00     22.58
log104                 396   4.76      6.49  2.93   0.00     21.52
log106                 153   3.30      3.98  2.05  -0.00     22.60
log107                 168   3.32      4.46  2.03  -0.00     21.83
log109                 182   3.58      5.05  2.35   0.00     21.93
log110                 172   4.03      4.76  2.54  -0.00     21.26
log112                 330   4.96      5.87  3.37   0.00     22.93

Median                 224.00   5.52      5.73  3.84   0.00     22.93
Mean                   250.91   5.55      6.00  3.95   0.00     24.77
Std Dev                156.34   2.20      2.24  1.67   0.00      5.76
