Experiment: no_oob_harry_new_adj
ID: 20260911T061154Z-no-oob-harry-new-adj
Created: 2026-09-10T23:11:54-07:00
Group: harry
Tags: none
Pipeline code: 1fd9663e7a79
Experiment fingerprint: 9d117a08ed5eb7ad48569a04f0c634dd43266fccc36ca265519d93c93405272d
Notes: (none)

======================== UNCENTERED ERRORS ========================

Cache duration summary
log       samples  dt_ms  total_s  active_s  active_%
--------  -------  -----  -------  --------  --------
log-0113    29498  10.00   294.98    232.32     78.76
log-0115    18835  10.00   188.35    171.25     90.92
log-0116    27283  10.00   272.83    175.56     64.35
log-0117    14148  10.00   141.48    122.94     86.90
log-0118    16328  10.00   163.28    110.35     67.58
log-0119    19584  10.00   195.84    138.57     70.76
log-0120     6011  10.00    60.11     49.73     82.73
log-0122    43803  10.00   438.03    317.67     72.52
log-0125    24913  10.00   249.13    187.66     75.33
log-0126    14241  10.00   142.41     51.65     36.27
log-0127    26922  10.00   269.22    102.97     38.25
log-0129    77819  10.00   778.19    409.22     52.59
log-0132    34660  10.00   346.60    265.44     76.58
log-0133    10539  10.00   105.39     93.85     89.05

Error stats on active_mask (raw): travel/mag_model vs travel
log         t   rmse  bin_rmse    mae      me  rms_trav
--------  ---  -----  --------  -----  ------  --------
log-0113  232  21.90     23.83  20.81  -20.81     26.38
log-0115  171  32.13     34.51  31.47  -31.47     23.59
log-0116  175  14.18     14.80  11.87  -11.84     30.73
log-0117  122   9.06     10.85   7.33   -7.26     25.84
log-0118  110  29.94     31.07  29.28  -29.28     36.36
log-0119  138  17.50     18.25  16.36  -16.34     35.50
log-0120   49  20.05     20.59  18.70  -18.67     33.89
log-0122  317  36.26     37.06  35.27  -35.27     32.11
log-0125  187  39.58     40.25  38.78  -38.78     32.71
log-0126   51  39.80     41.79  39.07  -39.07     36.27
log-0127  102  23.99     25.29  22.78  -22.76     35.12
log-0129  409  10.32     11.64   6.38   -0.75     31.63
log-0132  265  35.52     35.26  33.50  -33.50     33.12
log-0133   93  14.18     15.83  12.30  -12.21     29.55

Median    154.50  22.94     24.56  21.79  -21.79     32.41
Mean      172.93  24.60     25.79  23.14  -22.72     31.63
Std Dev   99.31  10.48     10.41  11.04   11.74      3.88

Error stats on active_mask (raw): travel/mag_model/adj vs travel
log         t   rmse  bin_rmse    mae      me  rms_trav
--------  ---  -----  --------  -----  ------  --------
log-0113  232  15.35     17.23  13.82  -13.75     26.38
log-0115  171  14.56     12.05  13.70   13.05     23.59
log-0116  175  15.88     16.52  13.84  -13.83     30.73
log-0117  122  12.64     11.45  12.08   11.41     25.84
log-0118  110  14.78     15.89  13.47  -13.39     36.36
log-0119  138   6.34      6.10   4.74    1.08     35.50
log-0120   49   7.36      7.61   5.21   -0.81     33.89
log-0122  317  10.58     10.59   7.71   -6.46     32.11
log-0125  187  16.08     16.40  14.04  -13.98     32.71
log-0126   51  19.78     21.74  18.29  -18.27     36.27
log-0127  102   9.92      8.96   8.48    6.43     35.12
log-0129  409  18.66     20.61  15.57  -15.56     31.63
log-0132  265  16.58     16.05  11.87  -11.62     33.12
log-0133   93  12.72     14.37  10.64  -10.49     29.55

Median    154.50  14.67     15.13  12.77  -11.06     32.41
Mean      172.93  13.66     13.97  11.68   -6.16     31.63
Std Dev   99.31   3.83      4.51   3.76   10.11      3.88

Error stats on active_mask (raw): travel/solved vs travel
log         t   rmse  bin_rmse    mae      me  rms_trav
--------  ---  -----  --------  -----  ------  --------
log-0113  232  12.21     13.47  11.47  -11.39     26.38
log-0115  171  15.62     14.18  14.82   14.62     23.59
log-0116  175  12.28     12.44  11.37  -11.24     30.73
log-0117  122  13.14     12.33  12.60   12.41     25.84
log-0118  110  13.95     14.83  12.56  -11.93     36.36
log-0119  138   6.55      6.43   4.91    2.85     35.50
log-0120   49   5.92      6.03   4.55    1.44     33.89
log-0122  317   7.86      8.30   6.09   -4.03     32.11
log-0125  187  13.43     14.26  11.93  -11.65     32.71
log-0126   51  18.66     20.81  16.94  -16.49     36.27
log-0127  102  10.95     10.08   9.36    8.77     35.12
log-0129  409  13.05     13.54  12.15  -12.09     31.63
log-0132  265  11.13     10.63   8.30   -7.66     33.12
log-0133   93   9.93     10.71   8.81   -8.59     29.55

Median    154.50  12.24     12.39  11.42   -8.12     32.41
Mean      172.93  11.76     12.00  10.42   -3.93     31.63
Std Dev   99.31   3.33      3.66   3.49    9.78      3.88

Error stats on active_mask (raw): travel/solved/mag_nuisance/delta_lifted vs travel
log         t   rmse  bin_rmse    mae      me  rms_trav
--------  ---  -----  --------  -----  ------  --------
log-0113  232  12.62     13.83  11.88  -11.83     26.38
log-0115  171  15.03     13.16  14.20   13.93     23.59
log-0116  175  12.64     12.84  11.70  -11.63     30.73
log-0117  122  12.89     11.88  12.33   12.12     25.84
log-0118  110  14.25     15.13  12.92  -12.44     36.36
log-0119  138   5.93      5.82   4.53    1.91     35.50
log-0120   49   5.67      5.79   4.35    0.71     33.89
log-0122  317   8.46      8.82   6.57   -5.00     32.11
log-0125  187  14.16     14.87  12.61  -12.49     32.71
log-0126   51  18.98     21.09  17.39  -17.25     36.27
log-0127  102   9.92      9.04   8.47    7.49     35.12
log-0129  409  13.40     13.90  12.44  -12.42     31.63
log-0132  265  11.88     11.31   8.84   -8.34     33.12
log-0133   93  10.39     11.27   9.20   -9.05     29.55

Median    154.50  12.63     12.36  11.79   -8.70     32.41
Mean      172.93  11.87     12.05  10.53   -4.59     31.63
Std Dev   99.31   3.46      3.84   3.58    9.71      3.88

Error stats on active_mask (raw): travel/mag_nuisance/corrected vs travel
log         t   rmse  bin_rmse    mae      me  rms_trav
--------  ---  -----  --------  -----  ------  --------
log-0113  232  13.54     15.54  12.51  -12.49     26.38
log-0115  171  14.59     12.18  13.76   13.43     23.59
log-0116  175  13.77     14.35  12.46  -12.45     30.73
log-0117  122  12.80     11.63  12.27   11.94     25.84
log-0118  110  14.35     15.39  13.14  -12.73     36.36
log-0119  138   5.51      5.24   4.25    1.60     35.50
log-0120   49   6.08      6.30   4.48    0.05     33.89
log-0122  317   8.97      9.29   6.92   -5.70     32.11
log-0125  187  14.50     15.27  13.00  -12.95     32.71
log-0126   51  19.07     21.25  17.67  -17.65     36.27
log-0127  102   9.67      8.68   8.30    7.12     35.12
log-0129  409  16.18     17.73  13.96  -13.95     31.63
log-0132  265  13.42     13.31   9.94   -9.69     33.12
log-0133   93  11.13     12.53   9.61   -9.48     29.55

Median    154.50  13.48     12.92  12.36   -9.59     32.41
Mean      172.93  12.40     12.76  10.88   -5.21     31.63
Std Dev   99.31   3.63      4.22   3.69    9.85      3.88


======================== CENTERED ERRORS ========================

Cache duration summary
log       samples  dt_ms  total_s  active_s  active_%
--------  -------  -----  -------  --------  --------
log-0113    29498  10.00   294.98    232.32     78.76
log-0115    18835  10.00   188.35    171.25     90.92
log-0116    27283  10.00   272.83    175.56     64.35
log-0117    14148  10.00   141.48    122.94     86.90
log-0118    16328  10.00   163.28    110.35     67.58
log-0119    19584  10.00   195.84    138.57     70.76
log-0120     6011  10.00    60.11     49.73     82.73
log-0122    43803  10.00   438.03    317.67     72.52
log-0125    24913  10.00   249.13    187.66     75.33
log-0126    14241  10.00   142.41     51.65     36.27
log-0127    26922  10.00   269.22    102.97     38.25
log-0129    77819  10.00   778.19    409.22     52.59
log-0132    34660  10.00   346.60    265.44     76.58
log-0133    10539  10.00   105.39     93.85     89.05

Error stats on active_mask (centered): travel/mag_model vs travel
log         t   rmse  bin_rmse   mae     me  rms_trav
--------  ---  -----  --------  ----  -----  --------
log-0113  232   6.82      7.41  4.84  -0.00     26.38
log-0115  171   6.46      6.39  4.73   0.00     23.59
log-0116  175   7.80      7.94  5.42   0.00     30.73
log-0117  122   5.43      6.34  3.49   0.00     25.84
log-0118  110   6.26      6.58  5.13   0.00     36.36
log-0119  138   6.25      6.16  4.65   0.00     35.50
log-0120   49   7.32      7.52  5.33   0.00     33.89
log-0122  317   8.39      7.57  6.49  -0.00     32.11
log-0125  187   7.93      7.03  6.05  -0.00     32.71
log-0126   51   7.57      8.22  6.14   0.00     36.27
log-0127  102   7.56      7.55  5.74   0.00     35.12
log-0129  409  10.29     11.51  6.58  -0.00     31.63
log-0132  265  11.82     11.09  9.62  -0.00     33.12
log-0133   93   7.21      8.11  4.92  -0.00     29.55

Median    154.50   7.44      7.53  5.38   0.00     32.41
Mean      172.93   7.65      7.81  5.65   0.00     31.63
Std Dev   99.31   1.61      1.56  1.36   0.00      3.88

Error stats on active_mask (centered): travel/mag_model/adj vs travel
log         t   rmse  bin_rmse   mae     me  rms_trav
--------  ---  -----  --------  ----  -----  --------
log-0113  232   6.82      7.41  4.84  -0.00     26.38
log-0115  171   6.46      6.39  4.73   0.00     23.59
log-0116  175   7.80      7.94  5.42   0.00     30.73
log-0117  122   5.43      6.34  3.49  -0.00     25.84
log-0118  110   6.26      6.58  5.13   0.00     36.36
log-0119  138   6.25      6.16  4.65   0.00     35.50
log-0120   49   7.32      7.52  5.33   0.00     33.89
log-0122  317   8.39      7.57  6.49   0.00     32.11
log-0125  187   7.93      7.03  6.05  -0.00     32.71
log-0126   51   7.57      8.22  6.14   0.00     36.27
log-0127  102   7.56      7.55  5.74  -0.00     35.12
log-0129  409  10.29     11.51  6.58  -0.00     31.63
log-0132  265  11.82     11.09  9.62  -0.00     33.12
log-0133   93   7.21      8.11  4.92  -0.00     29.55

Median    154.50   7.44      7.53  5.38   0.00     32.41
Mean      172.93   7.65      7.81  5.65  -0.00     31.63
Std Dev   99.31   1.61      1.56  1.36   0.00      3.88

Error stats on active_mask (centered): travel/solved vs travel
log         t  rmse  bin_rmse   mae     me  rms_trav
--------  ---  ----  --------  ----  -----  --------
log-0113  232  4.41      4.93  3.44  -0.00     26.38
log-0115  171  5.48      6.38  4.00   0.00     23.59
log-0116  175  4.95      4.97  3.77   0.00     30.73
log-0117  122  4.32      5.15  2.99  -0.00     25.84
log-0118  110  7.23      7.99  5.60   0.00     36.36
log-0119  138  5.90      6.14  4.54   0.00     35.50
log-0120   49  5.74      5.91  4.35   0.00     33.89
log-0122  317  6.75      6.64  5.33  -0.00     32.11
log-0125  187  6.67      6.54  5.28  -0.00     32.71
log-0126   51  8.73      9.69  6.75  -0.00     36.27
log-0127  102  6.55      7.06  5.03   0.00     35.12
log-0129  409  4.92      5.10  3.86  -0.00     31.63
log-0132  265  8.08      7.45  6.16  -0.00     33.12
log-0133   93  4.98      5.43  3.85  -0.00     29.55

Median    154.50  5.82      6.26  4.45  -0.00     32.41
Mean      172.93  6.05      6.38  4.64   0.00     31.63
Std Dev   99.31  1.30      1.30  1.05   0.00      3.88

Error stats on active_mask (centered): travel/solved/mag_nuisance/delta_lifted vs travel
log         t  rmse  bin_rmse   mae     me  rms_trav
--------  ---  ----  --------  ----  -----  --------
log-0113  232  4.41      4.67  3.45  -0.00     26.38
log-0115  171  5.65      6.11  4.20  -0.00     23.59
log-0116  175  4.94      4.89  3.77   0.00     30.73
log-0117  122  4.39      5.09  3.07   0.00     25.84
log-0118  110  6.95      7.53  5.39  -0.00     36.36
log-0119  138  5.61      5.77  4.34   0.00     35.50
log-0120   49  5.62      5.78  4.28   0.00     33.89
log-0122  317  6.82      6.51  5.42  -0.00     32.11
log-0125  187  6.67      6.32  5.25  -0.00     32.71
log-0126   51  7.90      8.80  6.30   0.00     36.27
log-0127  102  6.51      6.80  5.06   0.00     35.12
log-0129  409  5.04      5.11  3.96  -0.00     31.63
log-0132  265  8.46      7.73  6.53  -0.00     33.12
log-0133   93  5.10      5.47  3.92  -0.00     29.55

Median    154.50  5.64      5.95  4.31  -0.00     32.41
Mean      172.93  6.00      6.18  4.64   0.00     31.63
Std Dev   99.31  1.21      1.16  1.00   0.00      3.88

Error stats on active_mask (centered): travel/mag_nuisance/corrected vs travel
log         t  rmse  bin_rmse   mae     me  rms_trav
--------  ---  ----  --------  ----  -----  --------
log-0113  232  5.24      5.96  3.73  -0.00     26.38
log-0115  171  5.71      5.97  4.32  -0.00     23.59
log-0116  175  5.87      6.05  4.08   0.00     30.73
log-0117  122  4.60      5.31  3.08   0.00     25.84
log-0118  110  6.61      7.09  5.14   0.00     36.36
log-0119  138  5.27      5.27  4.09  -0.00     35.50
log-0120   49  6.08      6.30  4.48   0.00     33.89
log-0122  317  6.93      6.38  5.59  -0.00     32.11
log-0125  187  6.51      6.06  5.08  -0.00     32.71
log-0126   51  7.23      8.13  5.80   0.00     36.27
log-0127  102  6.55      6.75  5.14   0.00     35.12
log-0129  409  8.20      9.25  4.98  -0.00     31.63
log-0132  265  9.28      8.91  7.40  -0.00     33.12
log-0133   93  5.82      6.59  4.04  -0.00     29.55

Median    154.50  6.29      6.34  4.73  -0.00     32.41
Mean      172.93  6.42      6.72  4.78  -0.00     31.63
Std Dev   99.31  1.18      1.19  1.03   0.00      3.88
