Experiment: main_harry
ID: 20260917T155132Z-main-harry
Created: 2026-09-17T08:51:32-07:00
Group: harry
Tags: none
Pipeline code: 975845063d74
Experiment fingerprint: 0df7010c6597af1ef553086c92fb30194dc92c60305b87a198c9348eb7101466
Notes: (none)

======================== UNCENTERED ERRORS ========================

Cache duration summary
log       samples  dt_ms  total_s  active_s  active_%
--------  -------  -----  -------  --------  --------
log-0113    29498  10.00   294.98    232.32     78.76
log-0115    18835  10.00   188.35    171.25     90.92
log-0116    27283  10.00   272.83    175.56     64.35
log-0117    14148  10.00   141.48    122.94     86.90
log-0118    16328  10.00   163.28    110.35     67.58
log-0119    19584  10.00   195.84    138.57     70.76
log-0120     6011  10.00    60.11     49.73     82.73
log-0122    43803  10.00   438.03    317.67     72.52
log-0125    24913  10.00   249.13    187.66     75.33
log-0126    14241  10.00   142.41     51.65     36.27
log-0127    26922  10.00   269.22    102.97     38.25
log-0129    77819  10.00   778.19    409.22     52.59
log-0132    34660  10.00   346.60    265.44     76.58
log-0133    10539  10.00   105.39     93.85     89.05

Error stats on active_mask (raw): travel/mag_model vs travel
log         t   rmse  bin_rmse    mae      me  rms_trav
--------  ---  -----  --------  -----  ------  --------
log-0113  232  10.92     13.20   8.90   -8.30     26.38
log-0115  171  25.17     28.74  24.13  -24.13     23.59
log-0116  175   8.74      9.21   5.67   -4.58     30.73
log-0117  122   6.54      8.02   4.46   -3.97     25.84
log-0118  110  15.02     15.95  13.64  -13.50     36.36
log-0119  138   6.76      6.81   5.11    0.77     35.50
log-0120   49  20.05     20.59  18.70  -18.67     33.89
log-0122  317  23.32     24.45  20.80  -20.80     32.11
log-0125  187  29.97     31.11  28.87  -28.87     32.71
log-0126   51  26.95     28.56  25.97  -25.97     36.27
log-0127  102  10.06      9.54   8.13    6.41     35.12
log-0129  409  27.87     27.39  27.18   26.42     31.63
log-0132  265  19.53     20.41  16.16  -16.14     33.12
log-0133   93  13.16     14.54  11.49  -11.37     29.55

Median    154.50  17.27     18.18  14.90  -12.43     32.41
Mean      172.93  17.43     18.47  15.66  -10.19     31.63
Std Dev   99.31   7.98      8.24   8.37   14.23      3.88

Error stats on active_mask (raw): travel/mag_model/adj vs travel
log         t   rmse  bin_rmse    mae      me  rms_trav
--------  ---  -----  --------  -----  ------  --------
log-0113  232  10.92     13.20   8.90   -8.30     26.38
log-0115  171  25.17     28.74  24.13  -24.13     23.59
log-0116  175   8.74      9.21   5.67   -4.58     30.73
log-0117  122   6.54      8.02   4.46   -3.97     25.84
log-0118  110  15.02     15.95  13.64  -13.50     36.36
log-0119  138   6.76      6.81   5.11    0.77     35.50
log-0120   49  20.05     20.59  18.70  -18.67     33.89
log-0122  317  23.32     24.45  20.80  -20.80     32.11
log-0125  187  29.97     31.11  28.87  -28.87     32.71
log-0126   51  26.95     28.56  25.97  -25.97     36.27
log-0127  102  10.06      9.54   8.13    6.41     35.12
log-0129  409  27.87     27.39  27.18   26.42     31.63
log-0132  265  19.53     20.41  16.16  -16.14     33.12
log-0133   93  13.16     14.54  11.49  -11.37     29.55

Median    154.50  17.27     18.18  14.90  -12.43     32.41
Mean      172.93  17.43     18.47  15.66  -10.19     31.63
Std Dev   99.31   7.98      8.24   8.37   14.23      3.88

Error stats on active_mask (raw): travel/solved vs travel
log         t   rmse  bin_rmse    mae      me  rms_trav
--------  ---  -----  --------  -----  ------  --------
log-0113  232  11.66     12.73  10.88  -10.78     26.38
log-0115  171   6.05      8.06   4.17   -2.34     23.59
log-0116  175  10.46     10.22   9.36    8.95     30.73
log-0117  122  11.52     12.30  10.96  -10.85     25.84
log-0118  110  15.63     15.05  14.51   14.44     36.36
log-0119  138   6.96      7.68   5.58   -3.00     35.50
log-0120   49   7.00      7.16   5.62   -4.45     33.89
log-0122  317  11.64     10.72  10.21    8.77     32.11
log-0125  187   9.52     10.39   8.14   -7.04     32.71
log-0126   51  55.29     53.77  54.73   54.73     36.27
log-0127  102  11.02     12.31   9.58   -9.03     35.12
log-0129  409   7.95      8.30   6.64   -6.20     31.63
log-0132  265  12.86     12.63  11.28  -11.05     33.12
log-0133   93  10.54     10.16   9.32    9.06     29.55

Median    154.50  10.78     10.56   9.47   -3.73     32.41
Mean      172.93  13.44     13.68  12.21    2.23     31.63
Std Dev   99.31  11.87     11.33  12.09   16.76      3.88

Error stats on active_mask (raw): travel/solved/mag_nuisance/delta_lifted vs travel
log         t   rmse  bin_rmse    mae      me  rms_trav
--------  ---  -----  --------  -----  ------  --------
log-0113  232   9.92     11.80   8.49   -8.23     26.38
log-0115  171  24.25     27.36  23.47  -23.46     23.59
log-0116  175   7.17      7.62   5.15   -4.05     30.73
log-0117  122   6.82      8.35   4.70   -4.15     25.84
log-0118  110  15.40     16.28  14.27  -14.13     36.36
log-0119  138   6.19      6.37   4.83    1.05     35.50
log-0120   49  18.54     18.99  17.55  -17.52     33.89
log-0122  317  21.61     22.76  19.90  -19.88     32.11
log-0125  187  28.80     30.03  28.00  -28.00     32.71
log-0126   51  26.29     27.93  25.39  -25.39     36.27
log-0127  102   9.23      8.71   7.70    6.55     35.12
log-0129  409  27.41     26.82  26.78   26.72     31.63
log-0132  265  18.00     18.81  15.53  -15.48     33.12
log-0133   93  12.15     13.18  10.97  -10.89     29.55

Median    154.50  16.70     17.54  14.90  -12.51     32.41
Mean      172.93  16.56     17.50  15.19   -9.78     31.63
Std Dev   99.31   7.85      8.09   8.18   14.04      3.88

Error stats on active_mask (raw): travel/mag_nuisance/corrected vs travel
log         t   rmse  bin_rmse    mae      me  rms_trav
--------  ---  -----  --------  -----  ------  --------
log-0113  232  10.11     12.20   8.58   -8.32     26.38
log-0115  171  24.72     28.33  23.86  -23.86     23.59
log-0116  175   7.24      7.70   5.09   -4.24     30.73
log-0117  122   7.07      8.74   4.76   -4.33     25.84
log-0118  110  15.40     16.46  14.33  -14.20     36.36
log-0119  138   5.81      5.89   4.57    0.90     35.50
log-0120   49  18.87     19.36  17.97  -17.94     33.89
log-0122  317  22.18     23.46  20.30  -20.30     32.11
log-0125  187  29.05     30.33  28.27  -28.27     32.71
log-0126   51  26.50     28.20  25.68  -25.68     36.27
log-0127  102   9.04      8.46   7.54    6.61     35.12
log-0129  409  27.32     26.69  26.70   26.64     31.63
log-0132  265  18.50     19.50  15.85  -15.84     33.12
log-0133   93  12.20     13.30  11.08  -10.99     29.55

Median    154.50  16.95     17.91  15.09  -12.60     32.41
Mean      172.93  16.72     17.76  15.33   -9.99     31.63
Std Dev   99.31   7.97      8.28   8.31   14.14      3.88


======================== CENTERED ERRORS ========================

Cache duration summary
log       samples  dt_ms  total_s  active_s  active_%
--------  -------  -----  -------  --------  --------
log-0113    29498  10.00   294.98    232.32     78.76
log-0115    18835  10.00   188.35    171.25     90.92
log-0116    27283  10.00   272.83    175.56     64.35
log-0117    14148  10.00   141.48    122.94     86.90
log-0118    16328  10.00   163.28    110.35     67.58
log-0119    19584  10.00   195.84    138.57     70.76
log-0120     6011  10.00    60.11     49.73     82.73
log-0122    43803  10.00   438.03    317.67     72.52
log-0125    24913  10.00   249.13    187.66     75.33
log-0126    14241  10.00   142.41     51.65     36.27
log-0127    26922  10.00   269.22    102.97     38.25
log-0129    77819  10.00   778.19    409.22     52.59
log-0132    34660  10.00   346.60    265.44     76.58
log-0133    10539  10.00   105.39     93.85     89.05

Error stats on active_mask (centered): travel/mag_model vs travel
log         t   rmse  bin_rmse   mae  nrmse  rms_trav
--------  ---  -----  --------  ----  -----  --------
log-0113  232   7.09      8.38  4.74   0.27     26.38
log-0115  171   7.17      8.06  5.14   0.30     23.59
log-0116  175   7.45      7.67  4.99   0.24     30.73
log-0117  122   5.20      6.03  3.32   0.20     25.84
log-0118  110   6.60      7.09  5.15   0.18     36.36
log-0119  138   6.71      6.87  5.10   0.19     35.50
log-0120   49   7.32      7.52  5.33   0.22     33.89
log-0122  317  10.55     10.28  7.94   0.33     32.11
log-0125  187   8.05      7.64  6.06   0.25     32.71
log-0126   51   7.20      7.46  5.91   0.20     36.27
log-0127  102   7.76      8.07  5.44   0.22     35.12
log-0129  409   8.87      9.98  5.32   0.28     31.63
log-0132  265  10.99     11.31  8.19   0.33     33.12
log-0133   93   6.64      7.46  4.70   0.22     29.55

Median    154.50   7.26      7.65  5.24   0.23     32.41
Mean      172.93   7.68      8.13  5.52   0.25     31.63
Std Dev   99.31   1.49      1.39  1.21   0.05      3.88

Error stats on active_mask (centered): travel/mag_model/adj vs travel
log         t   rmse  bin_rmse   mae  nrmse  rms_trav
--------  ---  -----  --------  ----  -----  --------
log-0113  232   7.09      8.38  4.74   0.27     26.38
log-0115  171   7.17      8.06  5.14   0.30     23.59
log-0116  175   7.45      7.67  4.99   0.24     30.73
log-0117  122   5.20      6.03  3.32   0.20     25.84
log-0118  110   6.60      7.09  5.15   0.18     36.36
log-0119  138   6.71      6.87  5.10   0.19     35.50
log-0120   49   7.32      7.52  5.33   0.22     33.89
log-0122  317  10.55     10.28  7.94   0.33     32.11
log-0125  187   8.05      7.64  6.06   0.25     32.71
log-0126   51   7.20      7.46  5.91   0.20     36.27
log-0127  102   7.76      8.07  5.44   0.22     35.12
log-0129  409   8.87      9.98  5.32   0.28     31.63
log-0132  265  10.99     11.31  8.19   0.33     33.12
log-0133   93   6.64      7.46  4.70   0.22     29.55

Median    154.50   7.26      7.65  5.24   0.23     32.41
Mean      172.93   7.68      8.13  5.52   0.25     31.63
Std Dev   99.31   1.49      1.39  1.21   0.05      3.88

Error stats on active_mask (centered): travel/solved vs travel
log         t  rmse  bin_rmse   mae  nrmse  rms_trav
--------  ---  ----  --------  ----  -----  --------
log-0113  232  4.45      4.85  3.50   0.17     26.38
log-0115  171  5.58      6.94  4.09   0.24     23.59
log-0116  175  5.41      5.51  4.05   0.18     30.73
log-0117  122  3.87      4.31  2.79   0.15     25.84
log-0118  110  6.00      6.33  4.68   0.16     36.36
log-0119  138  6.28      6.68  4.92   0.18     35.50
log-0120   49  5.40      5.51  4.04   0.16     33.89
log-0122  317  7.66      7.73  5.97   0.24     32.11
log-0125  187  6.41      6.44  5.11   0.20     32.71
log-0126   51  7.84      8.01  6.04   0.22     36.27
log-0127  102  6.30      6.91  4.89   0.18     35.12
log-0129  409  4.98      5.00  3.93   0.16     31.63
log-0132  265  6.58      6.13  5.02   0.20     33.12
log-0133   93  5.38      5.91  4.11   0.18     29.55

Median    154.50  5.79      6.23  4.40   0.18     32.41
Mean      172.93  5.87      6.16  4.51   0.19     31.63
Std Dev   99.31  1.06      1.03  0.87   0.03      3.88

Error stats on active_mask (centered): travel/solved/mag_nuisance/delta_lifted vs travel
log         t  rmse  bin_rmse   mae  nrmse  rms_trav
--------  ---  ----  --------  ----  -----  --------
log-0113  232  5.55      6.31  3.90   0.21     26.38
log-0115  171  6.11      7.36  4.54   0.26     23.59
log-0116  175  5.91      6.13  4.29   0.19     30.73
log-0117  122  5.42      6.39  3.47   0.21     25.84
log-0118  110  6.12      6.45  4.73   0.17     36.36
log-0119  138  6.11      6.44  4.78   0.17     35.50
log-0120   49  6.06      6.33  4.54   0.18     33.89
log-0122  317  8.48      8.45  6.57   0.26     32.11
log-0125  187  6.74      6.66  5.29   0.21     32.71
log-0126   51  6.82      7.31  5.59   0.19     36.27
log-0127  102  6.50      6.95  4.97   0.19     35.12
log-0129  409  6.13      6.44  4.48   0.19     31.63
log-0132  265  9.19      9.54  7.05   0.28     33.12
log-0133   93  5.40      5.90  4.12   0.18     29.55

Median    154.50  6.12      6.44  4.64   0.19     32.41
Mean      172.93  6.47      6.90  4.88   0.21     31.63
Std Dev   99.31  1.06      0.96  0.95   0.03      3.88

Error stats on active_mask (centered): travel/mag_nuisance/corrected vs travel
log         t  rmse  bin_rmse   mae  nrmse  rms_trav
--------  ---  ----  --------  ----  -----  --------
log-0113  232  5.73      6.60  3.98   0.22     26.38
log-0115  171  6.45      7.64  4.80   0.27     23.59
log-0116  175  5.86      6.03  4.21   0.19     30.73
log-0117  122  5.59      6.60  3.48   0.22     25.84
log-0118  110  5.96      6.23  4.60   0.16     36.36
log-0119  138  5.74      5.97  4.54   0.16     35.50
log-0120   49  5.85      6.01  4.46   0.17     33.89
log-0122  317  8.94      8.82  6.99   0.28     32.11
log-0125  187  6.69      6.49  5.22   0.20     32.71
log-0126   51  6.53      6.93  5.34   0.18     36.27
log-0127  102  6.17      6.61  4.76   0.18     35.12
log-0129  409  6.09      6.36  4.42   0.19     31.63
log-0132  265  9.57     10.02  7.36   0.29     33.12
log-0133   93  5.29      5.77  4.00   0.18     29.55

Median    154.50  6.02      6.54  4.57   0.19     32.41
Mean      172.93  6.46      6.86  4.87   0.21     31.63
Std Dev   99.31  1.20      1.16  1.05   0.04      3.88
