Experiment: front_200hz_front_default_solverlpf
ID: 20260917T225012Z-front-200hz-front-default-solverlpf
Created: 2026-09-17T15:50:12-07:00
Group: front-default
Tags: none
Pipeline code: 41941be2dc74
Experiment fingerprint: c7d1137299143cedf444d69250719131f2607938f4f3966a0040f91cb645ac15
Notes: (none)

======================== UNCENTERED ERRORS ========================

Cache duration summary
log                    samples  dt_ms  total_s  active_s  active_%
---------------------  -------  -----  -------  --------  --------
log-0046                 61344  10.00   613.44    375.91     61.28
log-0048                108107  10.00  1081.07    335.74     31.06
log-0049                 44189  10.00   441.89    176.74     40.00
log-0054                111816  10.00  1118.16    670.03     59.92
log-0055                 43808  10.00   438.08    225.71     51.52
log-0056                 61448  10.00   614.48    273.43     44.50
log-0058                 44381  10.00   443.81    388.83     87.61
log-0063                 40781  10.00   407.81    103.52     25.38
log-0071_183             65908  10.00   659.08    416.18     63.15
log-0072_184             58385  10.00   583.85    328.71     56.30
log-0073_185             39115  10.00   391.15    287.37     73.47
log-0078-valid           22949  10.00   229.49    132.58     57.77
log-0079                 46824  10.00   468.24    240.64     51.39
log-0080-valid           64718  10.00   647.18    325.16     50.24
log-0081                113665  10.00  1136.65    735.52     64.71
log-0098                 36717  10.00   367.17    224.16     61.05
log-0099                 65579  10.00   655.79    634.17     96.70
log-0113                 29498  10.00   294.98    232.51     78.82
log-0115                 18835  10.00   188.35    171.27     90.93
log-0116                 27283  10.00   272.83    175.91     64.48
log-0117                 14148  10.00   141.48    122.93     86.89
log-0118                 16328  10.00   163.28    110.30     67.55
log-0119                 19584  10.00   195.84    138.51     70.73
log-0120                  6011  10.00    60.11     49.73     82.73
log-0122                 43803  10.00   438.03    317.67     72.52
log-0125                 24913  10.00   249.13    187.66     75.33
log-0126                 14241  10.00   142.41     51.63     36.25
log-0127                 26922  10.00   269.22    102.15     37.94
log-0129                 77819  10.00   778.19    409.55     52.63
log-0132                 34660  10.00   346.60    266.61     76.92
log-0133                 10539  10.00   105.39     93.85     89.05
log-0145-filtered-c01    39029  10.00   390.29    349.46     89.54
log-0147-filtered-c01    20838  10.00   208.38     82.03     39.37
log-0147-filtered-c02    38239  10.00   382.39    320.57     83.83
log-0151-filtered-c01     9991  10.00    99.91     86.55     86.63
log-0152-filtered-c01    16176  10.00   161.76    150.07     92.77
log-0152-filtered-c02    10216  10.00   102.16     92.57     90.61
log-0155-filtered-c01    14580  10.00   145.80    133.20     91.36
log103                   72985  10.00   729.85    396.86     54.38
log104                   59770  10.00   597.70    398.16     66.62
log106                   19535  10.00   195.35    155.52     79.61
log107                   25307  10.00   253.07    167.41     66.15
log109                   21587  10.00   215.87    181.61     84.13
log110                   21450  10.00   214.50    171.50     79.95
log112                   63277  10.00   632.77    330.66     52.26

Error stats on active_mask (raw): travel/mag_model vs travel
log                      t   rmse  bin_rmse    mae      me  rms_trav
---------------------  ---  -----  --------  -----  ------  --------
log-0046               375  16.84     18.63  16.45  -16.45     20.26
log-0048               335   4.43      5.83   3.44   -2.40     22.18
log-0049               176  21.06     21.78  20.80  -20.79     21.97
log-0054               670   6.64      7.55   5.47   -5.37     17.56
log-0055               225   4.39      4.56   2.95   -0.54     23.10
log-0056               273   7.16      7.09   6.33    6.01     22.20
log-0058               388   4.39      4.88   2.99    1.49     23.07
log-0063               103  18.36     19.05  17.97  -17.97     25.97
log-0071_183           416   6.05      6.25   5.49    5.25     21.35
log-0072_184           328   6.16      7.02   4.78   -4.51     20.86
log-0073_185           287  20.84     21.83  20.41  -20.41     19.31
log-0078-valid         132   9.41      8.99   7.58    3.10     28.44
log-0079               240  36.88     37.58  36.26  -36.26     25.66
log-0080-valid         325  41.00     40.26  40.17   39.51     28.84
log-0081               735  17.92     16.06  12.44  -12.11     20.95
log-0098               224  10.14      9.43   7.32    1.31     26.56
log-0099               634  26.54     26.01  23.21  -23.20     19.93
log-0113               232  10.93     13.22   8.90   -8.29     26.39
log-0115               171  25.18     28.75  24.14  -24.14     23.61
log-0116               175   8.78      9.22   5.73   -4.57     30.78
log-0117               122   6.58      8.07   4.50   -3.98     25.87
log-0118               110  15.09     15.99  13.65  -13.51     36.41
log-0119               138   6.89      6.97   5.23    0.77     35.58
log-0120                49  20.12     20.68  18.72  -18.69     33.98
log-0122               317  23.34     24.46  20.81  -20.80     32.17
log-0125               187  30.00     31.14  28.88  -28.88     32.75
log-0126                51  27.01     28.60  26.00  -25.99     36.35
log-0127               102  10.14      9.63   8.22    6.56     34.97
log-0129               409  27.89     27.41  27.18   26.42     31.60
log-0132               266  19.51     20.39  16.14  -16.12     33.09
log-0133                93  13.46     14.83  11.77  -11.65     29.63
log-0145-filtered-c01  349   9.89      8.10   5.91   -4.31     18.03
log-0147-filtered-c01   82  35.35     35.57  34.85  -34.82     16.45
log-0147-filtered-c02  320  29.19     35.32  27.73   26.09     17.50
log-0151-filtered-c01   86  11.39     10.26   6.93   -5.98     19.79
log-0152-filtered-c01  150  22.08     24.91  21.56  -21.51     18.44
log-0152-filtered-c02   92  33.24     32.51  32.71  -32.68     14.28
log-0155-filtered-c01  133  36.71     38.83  36.33  -36.33     26.75
log103                 396  33.12     32.72  32.45  -32.38     22.63
log104                 398  32.08     32.68  31.43  -31.24     21.59
log106                 155  17.67     18.17  17.21  -17.19     22.68
log107                 167  19.65     19.36  19.27  -19.26     21.72
log109                 181  24.15     23.29  23.72  -23.72     22.05
log110                 171  23.54     23.78  22.91  -22.91     21.31
log112                 330  18.40     19.05  17.68  -17.42     22.93

Median                 224.00  18.40     19.05  17.68  -16.12     22.93
Mean                   251.07  18.88     19.48  17.44  -11.55     24.83
Std Dev                156.40  10.20     10.46  10.65   16.54      5.78

Error stats on active_mask (raw): travel/mag_model/adj vs travel
log                      t   rmse  bin_rmse    mae      me  rms_trav
---------------------  ---  -----  --------  -----  ------  --------
log-0046               375  16.84     18.63  16.45  -16.45     20.26
log-0048               335   4.43      5.83   3.44   -2.40     22.18
log-0049               176  21.06     21.78  20.80  -20.79     21.97
log-0054               670   6.64      7.55   5.47   -5.37     17.56
log-0055               225   4.39      4.56   2.95   -0.54     23.10
log-0056               273   7.16      7.09   6.33    6.01     22.20
log-0058               388   4.39      4.88   2.99    1.49     23.07
log-0063               103  18.36     19.05  17.97  -17.97     25.97
log-0071_183           416   6.05      6.25   5.49    5.25     21.35
log-0072_184           328   6.16      7.02   4.78   -4.51     20.86
log-0073_185           287  20.84     21.83  20.41  -20.41     19.31
log-0078-valid         132   9.41      8.99   7.58    3.10     28.44
log-0079               240  36.88     37.58  36.26  -36.26     25.66
log-0080-valid         325  41.00     40.26  40.17   39.51     28.84
log-0081               735  17.92     16.06  12.44  -12.11     20.95
log-0098               224  10.14      9.43   7.32    1.31     26.56
log-0099               634  26.54     26.01  23.21  -23.20     19.93
log-0113               232  10.93     13.22   8.90   -8.29     26.39
log-0115               171  25.18     28.75  24.14  -24.14     23.61
log-0116               175   8.78      9.22   5.73   -4.57     30.78
log-0117               122   6.58      8.07   4.50   -3.98     25.87
log-0118               110  15.09     15.99  13.65  -13.51     36.41
log-0119               138   6.89      6.97   5.23    0.77     35.58
log-0120                49  20.12     20.68  18.72  -18.69     33.98
log-0122               317  23.34     24.46  20.81  -20.80     32.17
log-0125               187  30.00     31.14  28.88  -28.88     32.75
log-0126                51  27.01     28.60  26.00  -25.99     36.35
log-0127               102  10.14      9.63   8.22    6.56     34.97
log-0129               409  27.89     27.41  27.18   26.42     31.60
log-0132               266  19.51     20.39  16.14  -16.12     33.09
log-0133                93  13.46     14.83  11.77  -11.65     29.63
log-0145-filtered-c01  349   9.89      8.10   5.91   -4.31     18.03
log-0147-filtered-c01   82  35.35     35.57  34.85  -34.82     16.45
log-0147-filtered-c02  320  29.19     35.32  27.73   26.09     17.50
log-0151-filtered-c01   86  11.39     10.26   6.93   -5.98     19.79
log-0152-filtered-c01  150  22.08     24.91  21.56  -21.51     18.44
log-0152-filtered-c02   92  33.24     32.51  32.71  -32.68     14.28
log-0155-filtered-c01  133  36.71     38.83  36.33  -36.33     26.75
log103                 396  33.12     32.72  32.45  -32.38     22.63
log104                 398  32.08     32.68  31.43  -31.24     21.59
log106                 155  17.67     18.17  17.21  -17.19     22.68
log107                 167  19.65     19.36  19.27  -19.26     21.72
log109                 181  24.15     23.29  23.72  -23.72     22.05
log110                 171  23.54     23.78  22.91  -22.91     21.31
log112                 330  18.40     19.05  17.68  -17.42     22.93

Median                 224.00  18.40     19.05  17.68  -16.12     22.93
Mean                   251.07  18.88     19.48  17.44  -11.55     24.83
Std Dev                156.40  10.20     10.46  10.65   16.54      5.78

Error stats on active_mask (raw): travel/solved vs travel
log                      t   rmse  bin_rmse    mae      me  rms_trav
---------------------  ---  -----  --------  -----  ------  --------
log-0046               375   4.45      5.35   3.68   -3.35     20.26
log-0048               335   3.18      3.80   2.29    0.92     22.18
log-0049               176   6.47      7.07   5.90   -5.77     21.97
log-0054               670   2.86      3.29   2.17   -0.94     17.56
log-0055               225   2.98      3.13   2.25   -0.40     23.10
log-0056               273   4.61      4.67   3.72    3.26     22.20
log-0058               388   3.27      3.56   2.36    0.65     23.07
log-0063               103   3.85      3.71   3.04    1.95     25.97
log-0071_183           416   6.16      6.00   5.66   -5.52     21.35
log-0072_184           328   3.93      3.97   3.12    2.57     20.86
log-0073_185           287   3.21      3.76   2.19   -1.21     19.31
log-0078-valid         132   6.54      6.50   4.85   -3.00     28.44
log-0079               240   6.74      6.43   5.48    3.99     25.66
log-0080-valid         325   9.63     10.00   8.10   -7.88     28.84
log-0081               735  10.23      9.82   8.85    3.61     20.95
log-0098               224   5.74      5.75   4.36    0.46     26.56
log-0099               634   8.98      8.13   7.69    2.77     19.93
log-0113               232  11.70     12.77  10.89  -10.77     26.39
log-0115               171   6.10      8.12   4.21   -2.27     23.61
log-0116               175  10.61     10.43   9.45    8.98     30.78
log-0117               122  11.56     12.38  10.96  -10.83     25.87
log-0118               110  15.72     15.16  14.56   14.44     36.41
log-0119               138   7.19      7.89   5.69   -2.92     35.58
log-0120                49   7.26      7.50   5.70   -4.27     33.98
log-0122               317  11.79     10.93  10.31    8.80     32.17
log-0125               187   9.67     10.51   8.20   -7.01     32.75
log-0126                51  55.38     53.91  54.79   54.78     36.35
log-0127               102  11.23     12.44   9.69   -9.08     34.97
log-0129               409   8.05      8.38   6.67   -6.18     31.60
log-0132               266  12.88     12.66  11.25  -11.02     33.09
log-0133                93  10.74     10.44   9.48    9.13     29.63
log-0145-filtered-c01  349  13.60     14.46  12.61   12.10     18.03
log-0147-filtered-c01   82  14.76     14.98  13.71  -13.24     16.45
log-0147-filtered-c02  320  28.84     34.61  27.81   27.77     17.50
log-0151-filtered-c01   86  11.91     15.51  10.17    9.58     19.79
log-0152-filtered-c01  150   7.93     10.87   6.69   -6.10     18.44
log-0152-filtered-c02   92  10.04      9.36   8.62   -8.09     14.28
log-0155-filtered-c01  133  14.06     16.25  13.02  -12.55     26.75
log103                 396   9.79     10.31   9.07   -8.41     22.63
log104                 398  20.92     22.66  20.36  -20.12     21.59
log106                 155   3.07      3.47   2.07   -0.66     22.68
log107                 167   3.27      4.29   2.17    0.61     21.72
log109                 181   7.40      7.20   6.75   -6.66     22.05
log110                 171   4.30      4.84   3.03   -2.16     21.31
log112                 330   9.85     10.68   9.02   -8.54     22.93

Median                 224.00   8.05      8.38   6.75   -2.16     22.93
Mean                   251.07   9.83     10.40   8.73   -0.28     24.83
Std Dev                156.40   8.50      8.68   8.56   11.79      5.78

Error stats on active_mask (raw): travel/solved/mag_nuisance/delta_lifted vs travel
log                      t   rmse  bin_rmse    mae      me  rms_trav
---------------------  ---  -----  --------  -----  ------  --------
log-0046               375  16.46     17.73  16.13  -16.13     20.26
log-0048               335   4.60      6.15   3.35   -2.61     22.18
log-0049               176  20.77     21.45  20.55  -20.54     21.97
log-0054               670   6.36      7.18   5.34   -5.28     17.56
log-0055               225   3.96      4.14   2.69   -0.50     23.10
log-0056               273   7.11      7.01   6.43    5.95     22.20
log-0058               388   4.46      4.82   3.17    1.19     23.07
log-0063               103  18.65     19.45  18.35  -18.35     25.97
log-0071_183           416   6.02      6.21   5.51    5.14     21.35
log-0072_184           328   5.49      6.06   4.40   -4.13     20.86
log-0073_185           287  20.41     21.08  20.08  -20.07     19.31
log-0078-valid         132   7.55      7.75   5.93    2.72     28.44
log-0079               240  36.65     37.45  36.27  -36.27     25.66
log-0080-valid         325  40.12     39.63  39.63   39.48     28.84
log-0081               735  15.50     14.27  11.69  -11.48     20.95
log-0098               224   6.31      6.22   4.75    1.21     26.56
log-0099               634  23.94     24.28  22.18  -22.17     19.93
log-0113               232   9.99     11.87   8.50   -8.23     26.39
log-0115               171  24.32     27.44  23.52  -23.51     23.61
log-0116               175   7.39      7.82   5.28   -4.09     30.78
log-0117               122   6.92      8.48   4.75   -4.13     25.87
log-0118               110  15.51     16.34  14.29  -14.14     36.41
log-0119               138   6.49      6.65   4.99    0.97     35.58
log-0120                49  18.72     19.19  17.60  -17.52     33.98
log-0122               317  21.68     22.80  19.91  -19.88     32.17
log-0125               187  28.93     30.15  28.09  -28.08     32.75
log-0126                51  26.41     27.99  25.44  -25.44     36.35
log-0127               102   9.44      8.94   7.90    6.53     34.97
log-0129               409  27.46     26.88  26.79   26.73     31.60
log-0132               266  18.10     18.90  15.57  -15.51     33.09
log-0133                93  12.58     13.61  11.31  -11.22     29.63
log-0145-filtered-c01  349   8.21      6.91   5.19   -3.41     18.03
log-0147-filtered-c01   82  35.30     35.61  34.79  -34.75     16.45
log-0147-filtered-c02  320  28.74     34.57  27.58   27.09     17.50
log-0151-filtered-c01   86  11.06      9.91   6.90   -5.77     19.79
log-0152-filtered-c01  150  21.79     24.61  21.30  -21.25     18.44
log-0152-filtered-c02   92  33.16     32.46  32.68  -32.66     14.28
log-0155-filtered-c01  133  37.56     39.42  37.08  -37.03     26.75
log103                 396  32.18     32.48  31.80  -31.78     22.63
log104                 398  30.29     32.07  29.86  -29.69     21.59
log106                 155  17.40     17.88  17.09  -17.09     22.68
log107                 167  19.56     19.45  19.28  -19.28     21.72
log109                 181  23.63     23.09  23.36  -23.36     22.05
log110                 171  22.84     23.23  22.55  -22.55     21.31
log112                 330  17.96     18.89  17.27  -17.16     22.93

Median                 224.00  18.10     18.90  17.27  -15.51     22.93
Mean                   251.07  18.18     18.86  17.05  -11.29     24.83
Std Dev                156.40  10.25     10.56  10.67   16.47      5.78

Error stats on active_mask (raw): travel/mag_nuisance/corrected vs travel
log                      t   rmse  bin_rmse    mae      me  rms_trav
---------------------  ---  -----  --------  -----  ------  --------
log-0046               375  16.68     18.58  16.31  -16.31     20.26
log-0048               335   4.57      6.01   3.33   -2.62     22.18
log-0049               176  20.87     21.65  20.63  -20.63     21.97
log-0054               670   6.45      7.39   5.38   -5.34     17.56
log-0055               225   4.03      4.22   2.64   -0.60     23.10
log-0056               273   7.04      6.89   6.39    5.79     22.20
log-0058               388   4.43      4.98   3.00    1.16     23.07
log-0063               103  18.62     19.46  18.30  -18.30     25.97
log-0071_183           416   5.95      6.15   5.47    5.05     21.35
log-0072_184           328   5.96      6.73   4.60   -4.40     20.86
log-0073_185           287  20.68     21.76  20.30  -20.30     19.31
log-0078-valid         132   7.32      7.42   5.74    2.63     28.44
log-0079               240  36.58     37.43  36.24  -36.24     25.66
log-0080-valid         325  39.98     39.47  39.48   39.46     28.84
log-0081               735  15.69     14.43  11.79  -11.65     20.95
log-0098               224   5.97      5.88   4.53    1.16     26.56
log-0099               634  24.13     24.49  22.36  -22.35     19.93
log-0113               232  10.14     12.24   8.59   -8.33     26.39
log-0115               171  24.76     28.38  23.90  -23.89     23.61
log-0116               175   7.36      7.82   5.18   -4.30     30.78
log-0117               122   7.09      8.76   4.78   -4.32     25.87
log-0118               110  15.49     16.53  14.38  -14.25     36.41
log-0119               138   5.92      6.04   4.64    0.80     35.58
log-0120                49  19.06     19.60  18.09  -18.05     33.98
log-0122               317  22.22     23.49  20.32  -20.32     32.17
log-0125               187  29.16     30.45  28.35  -28.35     32.75
log-0126                51  26.60     28.29  25.76  -25.75     36.35
log-0127               102   9.16      8.57   7.64    6.58     34.97
log-0129               409  27.35     26.71  26.71   26.65     31.60
log-0132               266  18.53     19.52  15.85  -15.83     33.09
log-0133                93  12.61     13.73  11.44  -11.36     29.63
log-0145-filtered-c01  349   9.30      7.62   5.72   -4.12     18.03
log-0147-filtered-c01   82  35.38     35.60  34.89  -34.86     16.45
log-0147-filtered-c02  320  29.23     35.34  27.80   26.19     17.50
log-0151-filtered-c01   86  11.67     10.44   7.12   -6.18     19.79
log-0152-filtered-c01  150  22.11     24.92  21.60  -21.55     18.44
log-0152-filtered-c02   92  33.31     32.56  32.79  -32.76     14.28
log-0155-filtered-c01  133  36.89     38.94  36.54  -36.53     26.75
log103                 396  32.35     32.72  31.97  -31.97     22.63
log104                 398  30.84     32.59  30.46  -30.43     21.59
log106                 155  17.68     18.40  17.30  -17.30     22.68
log107                 167  19.60     19.53  19.27  -19.26     21.72
log109                 181  23.82     23.29  23.50  -23.50     22.05
log110                 171  23.07     23.66  22.67  -22.67     21.31
log112                 330  18.25     19.16  17.53  -17.50     22.93

Median                 224.00  18.53     19.46  17.53  -15.83     22.93
Mean                   251.07  18.31     19.06  17.14  -11.48     24.83
Std Dev                156.40  10.26     10.60  10.71   16.45      5.78


======================== CENTERED ERRORS ========================

Cache duration summary
log                    samples  dt_ms  total_s  active_s  active_%
---------------------  -------  -----  -------  --------  --------
log-0046                 61344  10.00   613.44    375.91     61.28
log-0048                108107  10.00  1081.07    335.74     31.06
log-0049                 44189  10.00   441.89    176.74     40.00
log-0054                111816  10.00  1118.16    670.03     59.92
log-0055                 43808  10.00   438.08    225.71     51.52
log-0056                 61448  10.00   614.48    273.43     44.50
log-0058                 44381  10.00   443.81    388.83     87.61
log-0063                 40781  10.00   407.81    103.52     25.38
log-0071_183             65908  10.00   659.08    416.18     63.15
log-0072_184             58385  10.00   583.85    328.71     56.30
log-0073_185             39115  10.00   391.15    287.37     73.47
log-0078-valid           22949  10.00   229.49    132.58     57.77
log-0079                 46824  10.00   468.24    240.64     51.39
log-0080-valid           64718  10.00   647.18    325.16     50.24
log-0081                113665  10.00  1136.65    735.52     64.71
log-0098                 36717  10.00   367.17    224.16     61.05
log-0099                 65579  10.00   655.79    634.17     96.70
log-0113                 29498  10.00   294.98    232.51     78.82
log-0115                 18835  10.00   188.35    171.27     90.93
log-0116                 27283  10.00   272.83    175.91     64.48
log-0117                 14148  10.00   141.48    122.93     86.89
log-0118                 16328  10.00   163.28    110.30     67.55
log-0119                 19584  10.00   195.84    138.51     70.73
log-0120                  6011  10.00    60.11     49.73     82.73
log-0122                 43803  10.00   438.03    317.67     72.52
log-0125                 24913  10.00   249.13    187.66     75.33
log-0126                 14241  10.00   142.41     51.63     36.25
log-0127                 26922  10.00   269.22    102.15     37.94
log-0129                 77819  10.00   778.19    409.55     52.63
log-0132                 34660  10.00   346.60    266.61     76.92
log-0133                 10539  10.00   105.39     93.85     89.05
log-0145-filtered-c01    39029  10.00   390.29    349.46     89.54
log-0147-filtered-c01    20838  10.00   208.38     82.03     39.37
log-0147-filtered-c02    38239  10.00   382.39    320.57     83.83
log-0151-filtered-c01     9991  10.00    99.91     86.55     86.63
log-0152-filtered-c01    16176  10.00   161.76    150.07     92.77
log-0152-filtered-c02    10216  10.00   102.16     92.57     90.61
log-0155-filtered-c01    14580  10.00   145.80    133.20     91.36
log103                   72985  10.00   729.85    396.86     54.38
log104                   59770  10.00   597.70    398.16     66.62
log106                   19535  10.00   195.35    155.52     79.61
log107                   25307  10.00   253.07    167.41     66.15
log109                   21587  10.00   215.87    181.61     84.13
log110                   21450  10.00   214.50    171.50     79.95
log112                   63277  10.00   632.77    330.66     52.26

Error stats on active_mask (centered): travel/mag_model vs travel
log                      t   rmse  bin_rmse    mae  nrmse  rms_trav
---------------------  ---  -----  --------  -----  -----  --------
log-0046               375   3.60      4.88   2.35   0.18     20.26
log-0048               335   3.72      4.62   2.44   0.17     22.18
log-0049               176   3.34      3.78   2.18   0.15     21.97
log-0054               670   3.90      4.53   2.69   0.22     17.56
log-0055               225   4.35      4.50   2.94   0.19     23.10
log-0056               273   3.90      4.29   2.58   0.18     22.20
log-0058               388   4.13      4.82   2.68   0.18     23.07
log-0063               103   3.78      4.18   2.68   0.15     25.97
log-0071_183           416   3.00      3.25   1.96   0.14     21.35
log-0072_184           328   4.19      4.73   2.59   0.20     20.86
log-0073_185           287   4.18      5.01   2.82   0.22     19.31
log-0078-valid         132   8.88      8.41   6.49   0.31     28.44
log-0079               240   6.74      6.02   5.17   0.26     25.66
log-0080-valid         325  10.93     11.05   6.84   0.38     28.84
log-0081               735  13.20     11.72  10.27   0.63     20.95
log-0098               224  10.06      9.50   6.98   0.38     26.56
log-0099               634  12.88     10.77  10.54   0.65     19.93
log-0113               232   7.13      8.43   4.78   0.27     26.39
log-0115               171   7.18      8.08   5.16   0.30     23.61
log-0116               175   7.49      7.70   5.06   0.24     30.78
log-0117               122   5.25      6.08   3.38   0.20     25.87
log-0118               110   6.72      7.19   5.25   0.18     36.41
log-0119               138   6.84      7.03   5.21   0.19     35.58
log-0120                49   7.46      7.67   5.50   0.22     33.98
log-0122               317  10.58     10.31   7.99   0.33     32.17
log-0125               187   8.11      7.71   6.13   0.25     32.75
log-0126                51   7.36      7.60   6.00   0.20     36.35
log-0127               102   7.73      8.08   5.49   0.22     34.97
log-0129               409   8.92     10.07   5.40   0.28     31.60
log-0132               266  11.00     11.31   8.21   0.33     33.09
log-0133                93   6.75      7.56   4.86   0.23     29.63
log-0145-filtered-c01  349   8.91      7.90   6.52   0.49     18.03
log-0147-filtered-c01   82   6.08      5.37   4.72   0.37     16.45
log-0147-filtered-c02  320  13.10     15.54   7.41   0.75     17.50
log-0151-filtered-c01   86   9.69     10.98   5.82   0.49     19.79
log-0152-filtered-c01  150   4.98      6.07   3.58   0.27     18.44
log-0152-filtered-c02   92   6.06      5.47   4.90   0.42     14.28
log-0155-filtered-c01  133   5.28      5.74   4.22   0.20     26.75
log103                 396   6.98      7.84   4.19   0.31     22.63
log104                 398   7.30      8.87   3.99   0.34     21.59
log106                 155   4.08      4.86   2.48   0.18     22.68
log107                 167   3.85      4.99   2.39   0.18     21.72
log109                 181   4.51      5.81   2.97   0.20     22.05
log110                 171   5.42      6.27   3.43   0.25     21.31
log112                 330   5.92      6.96   3.85   0.26     22.93

Median                 224.00   6.74      7.03   4.78   0.24     22.93
Mean                   251.07   6.79      7.19   4.74   0.28     24.83
Std Dev                156.40   2.73      2.56   2.06   0.14      5.78

Error stats on active_mask (centered): travel/mag_model/adj vs travel
log                      t   rmse  bin_rmse    mae  nrmse  rms_trav
---------------------  ---  -----  --------  -----  -----  --------
log-0046               375   3.60      4.88   2.35   0.18     20.26
log-0048               335   3.72      4.62   2.44   0.17     22.18
log-0049               176   3.34      3.78   2.18   0.15     21.97
log-0054               670   3.90      4.53   2.69   0.22     17.56
log-0055               225   4.35      4.50   2.94   0.19     23.10
log-0056               273   3.90      4.29   2.58   0.18     22.20
log-0058               388   4.13      4.82   2.68   0.18     23.07
log-0063               103   3.78      4.18   2.68   0.15     25.97
log-0071_183           416   3.00      3.25   1.96   0.14     21.35
log-0072_184           328   4.19      4.73   2.59   0.20     20.86
log-0073_185           287   4.18      5.01   2.82   0.22     19.31
log-0078-valid         132   8.88      8.41   6.49   0.31     28.44
log-0079               240   6.74      6.02   5.17   0.26     25.66
log-0080-valid         325  10.93     11.05   6.84   0.38     28.84
log-0081               735  13.20     11.72  10.27   0.63     20.95
log-0098               224  10.06      9.50   6.98   0.38     26.56
log-0099               634  12.88     10.77  10.54   0.65     19.93
log-0113               232   7.13      8.43   4.78   0.27     26.39
log-0115               171   7.18      8.08   5.16   0.30     23.61
log-0116               175   7.49      7.70   5.06   0.24     30.78
log-0117               122   5.25      6.08   3.38   0.20     25.87
log-0118               110   6.72      7.19   5.25   0.18     36.41
log-0119               138   6.84      7.03   5.21   0.19     35.58
log-0120                49   7.46      7.67   5.50   0.22     33.98
log-0122               317  10.58     10.31   7.99   0.33     32.17
log-0125               187   8.11      7.71   6.13   0.25     32.75
log-0126                51   7.36      7.60   6.00   0.20     36.35
log-0127               102   7.73      8.08   5.49   0.22     34.97
log-0129               409   8.92     10.07   5.40   0.28     31.60
log-0132               266  11.00     11.31   8.21   0.33     33.09
log-0133                93   6.75      7.56   4.86   0.23     29.63
log-0145-filtered-c01  349   8.91      7.90   6.52   0.49     18.03
log-0147-filtered-c01   82   6.08      5.37   4.72   0.37     16.45
log-0147-filtered-c02  320  13.10     15.54   7.41   0.75     17.50
log-0151-filtered-c01   86   9.69     10.98   5.82   0.49     19.79
log-0152-filtered-c01  150   4.98      6.07   3.58   0.27     18.44
log-0152-filtered-c02   92   6.06      5.47   4.90   0.42     14.28
log-0155-filtered-c01  133   5.28      5.74   4.22   0.20     26.75
log103                 396   6.98      7.84   4.19   0.31     22.63
log104                 398   7.30      8.87   3.99   0.34     21.59
log106                 155   4.08      4.86   2.48   0.18     22.68
log107                 167   3.85      4.99   2.39   0.18     21.72
log109                 181   4.51      5.81   2.97   0.20     22.05
log110                 171   5.42      6.27   3.43   0.25     21.31
log112                 330   5.92      6.96   3.85   0.26     22.93

Median                 224.00   6.74      7.03   4.78   0.24     22.93
Mean                   251.07   6.79      7.19   4.74   0.28     24.83
Std Dev                156.40   2.73      2.56   2.06   0.14      5.78

Error stats on active_mask (centered): travel/solved vs travel
log                      t  rmse  bin_rmse   mae  nrmse  rms_trav
---------------------  ---  ----  --------  ----  -----  --------
log-0046               375  2.94      3.61  2.10   0.14     20.26
log-0048               335  3.04      4.05  2.22   0.14     22.18
log-0049               176  2.94      3.30  1.95   0.13     21.97
log-0054               670  2.70      3.03  2.03   0.15     17.56
log-0055               225  2.95      3.08  2.22   0.13     23.10
log-0056               273  3.26      3.63  2.40   0.15     22.20
log-0058               388  3.20      3.57  2.32   0.14     23.07
log-0063               103  3.32      3.58  2.53   0.13     25.97
log-0071_183           416  2.73      2.89  1.91   0.13     21.35
log-0072_184           328  2.98      3.32  2.11   0.14     20.86
log-0073_185           287  2.97      3.44  1.98   0.15     19.31
log-0078-valid         132  5.81      5.95  4.49   0.20     28.44
log-0079               240  5.43      5.62  4.12   0.21     25.66
log-0080-valid         325  5.53      5.61  4.30   0.19     28.84
log-0081               735  9.57      8.61  7.66   0.46     20.95
log-0098               224  5.72      5.80  4.30   0.22     26.56
log-0099               634  8.54      7.88  7.07   0.43     19.93
log-0113               232  4.56      4.98  3.57   0.17     26.39
log-0115               171  5.66      7.06  4.14   0.24     23.61
log-0116               175  5.66      5.79  4.20   0.18     30.78
log-0117               122  4.05      4.60  2.91   0.16     25.87
log-0118               110  6.23      6.52  4.81   0.17     36.41
log-0119               138  6.57      6.97  5.06   0.18     35.58
log-0120                49  5.87      6.07  4.33   0.17     33.98
log-0122               317  7.86      7.94  6.13   0.24     32.17
log-0125               187  6.66      6.68  5.26   0.20     32.75
log-0126                51  8.17      8.27  6.19   0.22     36.35
log-0127               102  6.61      7.15  5.07   0.19     34.97
log-0129               409  5.15      5.19  4.03   0.16     31.60
log-0132               266  6.68      6.25  5.10   0.20     33.09
log-0133                93  5.66      6.23  4.29   0.19     29.63
log-0145-filtered-c01  349  6.22      5.81  4.72   0.34     18.03
log-0147-filtered-c01   82  6.52      5.92  4.82   0.40     16.45
log-0147-filtered-c02  320  7.79     11.52  5.44   0.45     17.50
log-0151-filtered-c01   86  7.08      8.96  4.55   0.36     19.79
log-0152-filtered-c01  150  5.07      6.66  3.72   0.27     18.44
log-0152-filtered-c02   92  5.94      5.42  4.80   0.42     14.28
log-0155-filtered-c01  133  6.34      6.87  4.59   0.24     26.75
log103                 396  5.02      5.62  3.36   0.22     22.63
log104                 398  5.73      7.55  3.50   0.27     21.59
log106                 155  3.00      3.36  1.99   0.13     22.68
log107                 167  3.21      4.17  2.05   0.15     21.72
log109                 181  3.24      4.52  2.30   0.15     22.05
log110                 171  3.72      4.30  2.44   0.17     21.31
log112                 330  4.91      5.66  3.49   0.21     22.93

Median                 224.00  5.53      5.66  4.12   0.19     22.93
Mean                   251.07  5.17      5.62  3.83   0.22     24.83
Std Dev                156.40  1.78      1.86  1.45   0.09      5.78

Error stats on active_mask (centered): travel/solved/mag_nuisance/delta_lifted vs travel
log                      t   rmse  bin_rmse   mae  nrmse  rms_trav
---------------------  ---  -----  --------  ----  -----  --------
log-0046               375   3.27      4.07  2.27   0.16     20.26
log-0048               335   3.79      4.71  2.52   0.17     22.18
log-0049               176   3.08      3.41  2.11   0.14     21.97
log-0054               670   3.53      4.09  2.38   0.20     17.56
log-0055               225   3.92      4.08  2.72   0.17     23.10
log-0056               273   3.89      4.34  2.64   0.18     22.20
log-0058               388   4.30      4.85  2.83   0.19     23.07
log-0063               103   3.34      3.53  2.53   0.13     25.97
log-0071_183           416   3.13      3.41  2.06   0.15     21.35
log-0072_184           328   3.62      3.95  2.41   0.17     20.86
log-0073_185           287   3.67      4.26  2.55   0.19     19.31
log-0078-valid         132   7.04      7.13  5.04   0.25     28.44
log-0079               240   5.32      5.38  4.11   0.21     25.66
log-0080-valid         325   7.15      7.49  4.85   0.25     28.84
log-0081               735  10.42      9.74  8.21   0.50     20.95
log-0098               224   6.19      6.27  4.51   0.23     26.56
log-0099               634   9.03      8.34  7.41   0.45     19.93
log-0113               232   5.65      6.44  3.99   0.21     26.39
log-0115               171   6.23      7.50  4.63   0.26     23.61
log-0116               175   6.16      6.37  4.44   0.20     30.78
log-0117               122   5.54      6.57  3.57   0.21     25.87
log-0118               110   6.36      6.65  4.86   0.17     36.41
log-0119               138   6.41      6.72  4.94   0.18     35.58
log-0120                49   6.59      6.95  4.89   0.19     33.98
log-0122               317   8.65      8.63  6.71   0.27     32.17
log-0125               187   6.96      6.88  5.44   0.21     32.75
log-0126                51   7.12      7.53  5.74   0.20     36.35
log-0127               102   6.81      7.23  5.16   0.19     34.97
log-0129               409   6.27      6.58  4.58   0.20     31.60
log-0132               266   9.32      9.68  7.17   0.28     33.09
log-0133                93   5.68      6.24  4.31   0.19     29.63
log-0145-filtered-c01  349   7.46      6.79  5.49   0.41     18.03
log-0147-filtered-c01   82   6.21      5.60  4.62   0.38     16.45
log-0147-filtered-c02  320   9.59     12.80  6.19   0.55     17.50
log-0151-filtered-c01   86   9.44     10.56  5.65   0.48     19.79
log-0152-filtered-c01  150   4.82      6.15  3.58   0.26     18.44
log-0152-filtered-c02   92   5.77      5.40  4.64   0.40     14.28
log-0155-filtered-c01  133   6.25      6.43  4.46   0.23     26.75
log103                 396   5.08      5.60  3.34   0.22     22.63
log104                 398   5.95      7.75  3.37   0.28     21.59
log106                 155   3.31      3.77  2.14   0.15     22.68
log107                 167   3.29      4.28  2.17   0.15     21.72
log109                 181   3.56      4.89  2.49   0.16     22.05
log110                 171   3.65      4.11  2.53   0.17     21.31
log112                 330   5.28      6.23  3.57   0.23     22.93

Median                 224.00   5.77      6.27  4.31   0.20     22.93
Mean                   251.07   5.74      6.21  4.13   0.24     24.83
Std Dev                156.40   1.95      2.00  1.55   0.10      5.78

Error stats on active_mask (centered): travel/mag_nuisance/corrected vs travel
log                      t   rmse  bin_rmse   mae  nrmse  rms_trav
---------------------  ---  -----  --------  ----  -----  --------
log-0046               375   3.50      4.75  2.34   0.17     20.26
log-0048               335   3.74      4.54  2.46   0.17     22.18
log-0049               176   3.20      3.57  2.14   0.15     21.97
log-0054               670   3.62      4.26  2.33   0.21     17.56
log-0055               225   3.99      4.14  2.67   0.17     23.10
log-0056               273   4.00      4.43  2.55   0.18     22.20
log-0058               388   4.28      5.04  2.65   0.19     23.07
log-0063               103   3.44      3.69  2.58   0.13     25.97
log-0071_183           416   3.16      3.49  1.94   0.15     21.35
log-0072_184           328   4.02      4.48  2.47   0.19     20.86
log-0073_185           287   3.94      4.78  2.67   0.20     19.31
log-0078-valid         132   6.83      6.81  4.86   0.24     28.44
log-0079               240   4.96      5.03  3.89   0.19     25.66
log-0080-valid         325   6.40      6.57  4.65   0.22     28.84
log-0081               735  10.51      9.84  8.27   0.50     20.95
log-0098               224   5.86      5.94  4.29   0.22     26.56
log-0099               634   9.09      8.28  7.49   0.46     19.93
log-0113               232   5.79      6.66  4.04   0.22     26.39
log-0115               171   6.50      7.69  4.85   0.28     23.61
log-0116               175   5.98      6.16  4.31   0.19     30.78
log-0117               122   5.62      6.64  3.54   0.22     25.87
log-0118               110   6.08      6.34  4.70   0.17     36.41
log-0119               138   5.86      6.12  4.61   0.16     35.58
log-0120                49   6.10      6.30  4.70   0.18     33.98
log-0122               317   8.98      8.86  7.05   0.28     32.17
log-0125               187   6.82      6.62  5.34   0.21     32.75
log-0126                51   6.67      7.06  5.41   0.18     36.35
log-0127               102   6.37      6.78  4.91   0.18     34.97
log-0129               409   6.17      6.45  4.50   0.20     31.60
log-0132               266   9.62     10.06  7.41   0.29     33.09
log-0133                93   5.47      5.95  4.16   0.18     29.63
log-0145-filtered-c01  349   8.34      7.44  6.25   0.46     18.03
log-0147-filtered-c01   82   6.02      5.31  4.67   0.37     16.45
log-0147-filtered-c02  320  12.98     15.42  7.28   0.74     17.50
log-0151-filtered-c01   86   9.91     11.17  6.10   0.50     19.79
log-0152-filtered-c01  150   4.93      6.02  3.54   0.27     18.44
log-0152-filtered-c02   92   6.03      5.46  4.88   0.42     14.28
log-0155-filtered-c01  133   5.11      5.56  4.10   0.19     26.75
log103                 396   4.95      5.92  3.34   0.22     22.63
log104                 398   4.96      6.65  3.13   0.23     21.59
log106                 155   3.65      4.29  2.33   0.16     22.68
log107                 167   3.62      4.75  2.27   0.17     21.72
log109                 181   3.91      5.36  2.63   0.18     22.05
log110                 171   4.31      5.03  2.82   0.20     21.31
log112                 330   5.20      6.14  3.55   0.23     22.93

Median                 224.00   5.62      6.02  4.10   0.20     22.93
Mean                   251.07   5.79      6.26  4.15   0.24     24.83
Std Dev                156.40   2.13      2.16  1.62   0.12      5.78
