Experiment: harry_postmagcorr
ID: 20260914T063035Z-harry-postmagcorr
Created: 2026-09-13T23:30:35-07:00
Group: harry
Tags: none
Pipeline code: d703830eee81
Experiment fingerprint: 9f813620da8f1a5673a25170b5204183e2810553b64c639251c5c39dfe602291
Notes: (none)

======================== UNCENTERED ERRORS ========================

Cache duration summary
log       samples  dt_ms  total_s  active_s  active_%
--------  -------  -----  -------  --------  --------
log-0113    29498  10.00   294.98    232.32     78.76
log-0115    18835  10.00   188.35    171.25     90.92
log-0116    27283  10.00   272.83    175.56     64.35
log-0117    14148  10.00   141.48    122.94     86.90
log-0118    16328  10.00   163.28    110.35     67.58
log-0119    19584  10.00   195.84    138.57     70.76
log-0120     6011  10.00    60.11     49.73     82.73
log-0122    43803  10.00   438.03    317.67     72.52
log-0125    24913  10.00   249.13    187.66     75.33
log-0126    14241  10.00   142.41     51.65     36.27
log-0127    26922  10.00   269.22    102.97     38.25
log-0129    77819  10.00   778.19    409.22     52.59
log-0132    34660  10.00   346.60    265.44     76.58
log-0133    10539  10.00   105.39     93.85     89.05

Error stats on active_mask (raw): travel/mag_model vs travel
log         t   rmse  bin_rmse    mae      me  rms_trav
--------  ---  -----  --------  -----  ------  --------
log-0113  232  21.90     23.83  20.81  -20.81     26.38
log-0115  171  32.13     34.51  31.47  -31.47     23.59
log-0116  175  14.18     14.80  11.87  -11.84     30.73
log-0117  122   9.06     10.85   7.33   -7.26     25.84
log-0118  110  29.94     31.07  29.28  -29.28     36.36
log-0119  138  17.50     18.25  16.36  -16.34     35.50
log-0120   49  20.05     20.59  18.70  -18.67     33.89
log-0122  317  36.26     37.06  35.27  -35.27     32.11
log-0125  187  39.58     40.25  38.78  -38.78     32.71
log-0126   51  39.80     41.79  39.07  -39.07     36.27
log-0127  102  23.99     25.29  22.78  -22.76     35.12
log-0129  409  10.32     11.64   6.38   -0.75     31.63
log-0132  265  35.52     35.26  33.50  -33.50     33.12
log-0133   93  14.18     15.83  12.30  -12.21     29.55

Median    154.50  22.94     24.56  21.79  -21.79     32.41
Mean      172.93  24.60     25.79  23.14  -22.72     31.63
Std Dev   99.31  10.48     10.41  11.04   11.74      3.88

Error stats on active_mask (raw): travel/mag_model/adj vs travel
log         t   rmse  bin_rmse    mae      me  rms_trav
--------  ---  -----  --------  -----  ------  --------
log-0113  232  21.90     23.83  20.81  -20.81     26.38
log-0115  171  32.13     34.51  31.47  -31.47     23.59
log-0116  175  14.18     14.80  11.87  -11.84     30.73
log-0117  122   9.06     10.85   7.33   -7.26     25.84
log-0118  110  29.94     31.07  29.28  -29.28     36.36
log-0119  138  17.50     18.25  16.36  -16.34     35.50
log-0120   49  20.05     20.59  18.70  -18.67     33.89
log-0122  317  36.26     37.06  35.27  -35.27     32.11
log-0125  187  39.58     40.25  38.78  -38.78     32.71
log-0126   51  39.80     41.79  39.07  -39.07     36.27
log-0127  102  23.99     25.29  22.78  -22.76     35.12
log-0129  409  10.32     11.64   6.38   -0.75     31.63
log-0132  265  35.52     35.26  33.50  -33.50     33.12
log-0133   93  14.18     15.83  12.30  -12.21     29.55

Median    154.50  22.94     24.56  21.79  -21.79     32.41
Mean      172.93  24.60     25.79  23.14  -22.72     31.63
Std Dev   99.31  10.48     10.41  11.04   11.74      3.88

Error stats on active_mask (raw): travel/solved vs travel
log         t   rmse  bin_rmse    mae      me  rms_trav
--------  ---  -----  --------  -----  ------  --------
log-0113  232  18.04     19.09  17.39  -17.33     26.38
log-0115  171  13.70     15.48  12.83  -12.71     23.59
log-0116  175   9.72      9.46   8.56    8.07     30.73
log-0117  122   4.87      5.92   3.86   -2.93     25.84
log-0118  110  18.85     19.59  17.37  -16.92     36.36
log-0119  138  21.04     21.92  19.82  -19.63     35.50
log-0120   49  18.52     18.62  17.34  -17.11     33.89
log-0122  317  21.49     22.47  20.40  -20.30     32.11
log-0125  187  19.76     20.83  18.38  -18.18     32.71
log-0126   51  28.62     31.10  26.51  -26.28     36.27
log-0127  102   8.50     10.04   6.85   -4.94     35.12
log-0129  409  13.45     13.90  12.56  -12.47     31.63
log-0132  265  15.42     14.75  13.66  -13.44     33.12
log-0133   93   7.32      8.12   6.03   -5.22     29.55

Median    154.50  16.73     17.05  15.50  -15.18     32.41
Mean      172.93  15.66     16.52  14.40  -12.81     31.63
Std Dev   99.31   6.28      6.56   6.17    8.55      3.88

Error stats on active_mask (raw): travel/solved/mag_nuisance/delta_lifted vs travel
log         t   rmse  bin_rmse    mae      me  rms_trav
--------  ---  -----  --------  -----  ------  --------
log-0113  232  18.82     19.89  18.25  -18.24     26.38
log-0115  171  29.12     30.41  28.54  -28.52     23.59
log-0116  175  10.96     11.18   9.88   -9.77     30.73
log-0117  122   7.09      8.11   6.18   -6.00     25.84
log-0118  110  28.28     28.86  27.10  -26.97     36.36
log-0119  138  15.22     16.07  14.10  -13.98     35.50
log-0120   49  16.18     16.32  15.15  -15.08     33.89
log-0122  317  30.66     31.48  29.60  -29.58     32.11
log-0125  187  34.07     35.07  32.79  -32.78     32.71
log-0126   51  36.52     38.90  34.67  -34.62     36.27
log-0127  102  19.36     21.05  18.09  -18.01     35.12
log-0129  409   5.52      5.47   4.47    1.33     31.63
log-0132  265  27.89     27.06  26.63  -26.61     33.12
log-0133   93  11.84     12.70  10.76  -10.68     29.55

Median    154.50  19.09     20.47  18.17  -18.12     32.41
Mean      172.93  20.82     21.61  19.73  -19.25     31.63
Std Dev   99.31   9.83     10.11   9.72   10.47      3.88

Error stats on active_mask (raw): travel/mag_nuisance/corrected vs travel
log         t   rmse  bin_rmse    mae      me  rms_trav
--------  ---  -----  --------  -----  ------  --------
log-0113  232  20.06     22.17  19.28  -19.27     26.38
log-0115  171  30.67     33.15  30.15  -30.15     23.59
log-0116  175  11.97     12.54  10.51  -10.50     30.73
log-0117  122   7.83      9.28   6.50   -6.39     25.84
log-0118  110  28.88     29.82  27.93  -27.87     36.36
log-0119  138  15.93     16.80  14.85  -14.83     35.50
log-0120   49  17.61     18.12  16.49  -16.46     33.89
log-0122  317  33.50     34.67  32.63  -32.63     32.11
log-0125  187  36.77     38.05  35.89  -35.89     32.71
log-0126   51  38.01     40.38  36.87  -36.87     36.27
log-0127  102  21.18     22.81  19.94  -19.93     35.12
log-0129  409   8.03      8.93   5.20    0.44     31.63
log-0132  265  31.87     31.88  30.33  -30.33     33.12
log-0133   93  12.62     14.04  11.24  -11.17     29.55

Median    154.50  20.62     22.49  19.61  -19.60     32.41
Mean      172.93  22.49     23.76  21.27  -20.85     31.63
Std Dev   99.31  10.24     10.43  10.54   11.24      3.88


======================== CENTERED ERRORS ========================

Cache duration summary
log       samples  dt_ms  total_s  active_s  active_%
--------  -------  -----  -------  --------  --------
log-0113    29498  10.00   294.98    232.32     78.76
log-0115    18835  10.00   188.35    171.25     90.92
log-0116    27283  10.00   272.83    175.56     64.35
log-0117    14148  10.00   141.48    122.94     86.90
log-0118    16328  10.00   163.28    110.35     67.58
log-0119    19584  10.00   195.84    138.57     70.76
log-0120     6011  10.00    60.11     49.73     82.73
log-0122    43803  10.00   438.03    317.67     72.52
log-0125    24913  10.00   249.13    187.66     75.33
log-0126    14241  10.00   142.41     51.65     36.27
log-0127    26922  10.00   269.22    102.97     38.25
log-0129    77819  10.00   778.19    409.22     52.59
log-0132    34660  10.00   346.60    265.44     76.58
log-0133    10539  10.00   105.39     93.85     89.05

Error stats on active_mask (centered): travel/mag_model vs travel
log         t   rmse  bin_rmse   mae     me  rms_trav
--------  ---  -----  --------  ----  -----  --------
log-0113  232   6.82      7.41  4.84  -0.00     26.38
log-0115  171   6.46      6.39  4.73   0.00     23.59
log-0116  175   7.80      7.94  5.42   0.00     30.73
log-0117  122   5.43      6.34  3.49   0.00     25.84
log-0118  110   6.26      6.58  5.13   0.00     36.36
log-0119  138   6.25      6.16  4.65   0.00     35.50
log-0120   49   7.32      7.52  5.33   0.00     33.89
log-0122  317   8.39      7.57  6.49  -0.00     32.11
log-0125  187   7.93      7.03  6.05  -0.00     32.71
log-0126   51   7.57      8.22  6.14   0.00     36.27
log-0127  102   7.56      7.55  5.74   0.00     35.12
log-0129  409  10.29     11.51  6.58  -0.00     31.63
log-0132  265  11.82     11.09  9.62  -0.00     33.12
log-0133   93   7.21      8.11  4.92  -0.00     29.55

Median    154.50   7.44      7.53  5.38   0.00     32.41
Mean      172.93   7.65      7.81  5.65   0.00     31.63
Std Dev   99.31   1.61      1.56  1.36   0.00      3.88

Error stats on active_mask (centered): travel/mag_model/adj vs travel
log         t   rmse  bin_rmse   mae     me  rms_trav
--------  ---  -----  --------  ----  -----  --------
log-0113  232   6.82      7.41  4.84  -0.00     26.38
log-0115  171   6.46      6.39  4.73   0.00     23.59
log-0116  175   7.80      7.94  5.42   0.00     30.73
log-0117  122   5.43      6.34  3.49   0.00     25.84
log-0118  110   6.26      6.58  5.13   0.00     36.36
log-0119  138   6.25      6.16  4.65   0.00     35.50
log-0120   49   7.32      7.52  5.33   0.00     33.89
log-0122  317   8.39      7.57  6.49  -0.00     32.11
log-0125  187   7.93      7.03  6.05  -0.00     32.71
log-0126   51   7.57      8.22  6.14   0.00     36.27
log-0127  102   7.56      7.55  5.74   0.00     35.12
log-0129  409  10.29     11.51  6.58  -0.00     31.63
log-0132  265  11.82     11.09  9.62  -0.00     33.12
log-0133   93   7.21      8.11  4.92  -0.00     29.55

Median    154.50   7.44      7.53  5.38   0.00     32.41
Mean      172.93   7.65      7.81  5.65   0.00     31.63
Std Dev   99.31   1.61      1.56  1.36   0.00      3.88

Error stats on active_mask (centered): travel/solved vs travel
log         t   rmse  bin_rmse   mae     me  rms_trav
--------  ---  -----  --------  ----  -----  --------
log-0113  232   5.00      5.99  3.81  -0.00     26.38
log-0115  171   5.12      6.49  3.77   0.00     23.59
log-0116  175   5.42      5.41  3.98   0.00     30.73
log-0117  122   3.89      4.61  2.88   0.00     25.84
log-0118  110   8.29      9.37  6.47   0.00     36.36
log-0119  138   7.56      7.99  5.82   0.00     35.50
log-0120   49   7.09      7.44  5.26   0.00     33.89
log-0122  317   7.03      7.48  5.33  -0.00     32.11
log-0125  187   7.73      8.15  6.18  -0.00     32.71
log-0126   51  11.32     12.55  8.81   0.00     36.27
log-0127  102   6.92      7.79  5.32   0.00     35.12
log-0129  409   5.04      5.20  3.93  -0.00     31.63
log-0132  265   7.56      6.87  5.61  -0.00     33.12
log-0133   93   5.13      5.57  3.94  -0.00     29.55

Median    154.50   6.97      7.16  5.29   0.00     32.41
Mean      172.93   6.65      7.21  5.08  -0.00     31.63
Std Dev   99.31   1.83      1.96  1.46   0.00      3.88

Error stats on active_mask (centered): travel/solved/mag_nuisance/delta_lifted vs travel
log         t   rmse  bin_rmse   mae     me  rms_trav
--------  ---  -----  --------  ----  -----  --------
log-0113  232   4.67      5.27  3.65  -0.00     26.38
log-0115  171   5.85      7.97  4.07   0.00     23.59
log-0116  175   4.96      4.90  3.78   0.00     30.73
log-0117  122   3.78      4.20  2.82  -0.00     25.84
log-0118  110   8.51      9.53  6.50   0.00     36.36
log-0119  138   6.00      6.31  4.79   0.00     35.50
log-0120   49   5.88      6.03  4.45   0.00     33.89
log-0122  317   8.06      8.52  6.01  -0.00     32.11
log-0125  187   9.27      9.99  7.22  -0.00     32.71
log-0126   51  11.65     12.76  9.10  -0.00     36.27
log-0127  102   7.10      7.92  5.58  -0.00     35.12
log-0129  409   5.36      5.53  4.22  -0.00     31.63
log-0132  265   8.33      8.02  5.92  -0.00     33.12
log-0133   93   5.10      5.48  3.93  -0.00     29.55

Median    154.50   5.94      7.12  4.62  -0.00     32.41
Mean      172.93   6.75      7.32  5.15  -0.00     31.63
Std Dev   99.31   2.09      2.29  1.62   0.00      3.88

Error stats on active_mask (centered): travel/mag_nuisance/corrected vs travel
log         t  rmse  bin_rmse   mae     me  rms_trav
--------  ---  ----  --------  ----  -----  --------
log-0113  232  5.57      6.52  3.91  -0.00     26.38
log-0115  171  5.62      6.51  4.06   0.00     23.59
log-0116  175  5.77      5.92  4.05   0.00     30.73
log-0117  122  4.53      5.23  3.01   0.00     25.84
log-0118  110  7.58      8.42  5.94   0.00     36.36
log-0119  138  5.81      5.96  4.56   0.00     35.50
log-0120   49  6.27      6.52  4.43   0.00     33.89
log-0122  317  7.54      7.42  5.71  -0.00     32.11
log-0125  187  7.99      7.99  6.02  -0.00     32.71
log-0126   51  9.23     10.18  7.35   0.00     36.27
log-0127  102  7.17      7.70  5.54   0.00     35.12
log-0129  409  8.02      8.98  5.10  -0.00     31.63
log-0132  265  9.76      9.48  7.28  -0.00     33.12
log-0133   93  5.87      6.68  4.05  -0.00     29.55

Median    154.50  6.72      7.05  4.83   0.00     32.41
Mean      172.93  6.91      7.39  5.07   0.00     31.63
Std Dev   99.31  1.46      1.41  1.25   0.00      3.88
