Experiment: front_200hz_front_default_newmask
ID: 20260920T171456Z-front-200hz-front-default-newmask
Created: 2026-09-20T18:14:56+01:00
Group: front-default
Tags: none
Pipeline code: febe2ab76150
Experiment fingerprint: 3d5690605d32ebab51be1564c672a307276906aec62d8f02d87fe592d5bc1e21
Notes: (none)

======================== UNCENTERED ERRORS ========================

Cache duration summary
log                    samples  dt_ms  total_s  active_s  active_%
---------------------  -------  -----  -------  --------  --------
log-0046                 61344  10.00   613.44    416.16     67.84
log-0048                108107  10.00  1081.07    431.54     39.92
log-0049                 44189  10.00   441.89    244.46     55.32
log-0054                111816  10.00  1118.16    753.30     67.37
log-0055                 43808  10.00   438.08    263.36     60.12
log-0056                 61448  10.00   614.48    301.64     49.09
log-0058                 44381  10.00   443.81    402.52     90.70
log-0063                 40781  10.00   407.81    153.27     37.58
log-0071_183             65908  10.00   659.08    424.88     64.47
log-0072_184             58385  10.00   583.85    344.61     59.02
log-0073_185             39115  10.00   391.15    326.61     83.50
log-0078-valid           22949  10.00   229.49    149.70     65.23
log-0079                 46824  10.00   468.24    266.64     56.95
log-0080-valid           64718  10.00   647.18    368.29     56.91
log-0081                113665  10.00  1136.65    827.70     72.82
log-0098                 36717  10.00   367.17    237.06     64.56
log-0099                 65579  10.00   655.79    646.10     98.52
log-0113                 29498  10.00   294.98    262.71     89.06
log-0115                 18835  10.00   188.35    181.69     96.46
log-0116                 27283  10.00   272.83    198.05     72.59
log-0117                 14148  10.00   141.48    128.40     90.75
log-0118                 16328  10.00   163.28    114.79     70.30
log-0119                 19584  10.00   195.84    150.36     76.78
log-0120                  6011  10.00    60.11     52.91     88.02
log-0122                 43803  10.00   438.03    344.65     78.68
log-0125                 24913  10.00   249.13    205.54     82.50
log-0126                 14241  10.00   142.41     59.80     41.99
log-0127                 26922  10.00   269.22    112.86     41.92
log-0129                 77819  10.00   778.19    446.17     57.33
log-0132                 34660  10.00   346.60    296.59     85.57
log-0133                 10539  10.00   105.39     94.70     89.86
log-0145-filtered-c01    39029  10.00   390.29    371.32     95.14
log-0147-filtered-c01    20838  10.00   208.38     92.18     44.24
log-0147-filtered-c02    38239  10.00   382.39    347.00     90.75
log-0151-filtered-c01     9991  10.00    99.91     91.69     91.77
log-0152-filtered-c01    16176  10.00   161.76    161.76    100.00
log-0152-filtered-c02    10216  10.00   102.16     94.33     92.34
log-0155-filtered-c01    14580  10.00   145.80    136.37     93.53

Error stats on active_mask (raw): travel/mag_model vs travel
log                      t   rmse  bin_rmse    mae      me  rms_trav
---------------------  ---  -----  --------  -----  ------  --------
log-0046               416  16.75     18.57  16.40  -16.40     20.32
log-0048               431   5.12      5.98   3.79   -1.87     23.66
log-0049               244  21.17     21.60  20.89  -20.88     22.90
log-0054               753   6.95      7.66   5.64   -5.56     18.04
log-0055               263   5.38      4.99   3.58   -0.25     24.42
log-0056               301   7.44      7.26   6.52    6.23     22.66
log-0058               402   4.72      5.06   3.04    1.33     23.70
log-0063               153  18.28     18.92  17.67  -17.66     28.74
log-0071_183           424   6.11      6.17   5.52    5.30     21.63
log-0072_184           344   6.00      6.73   4.70   -4.42     20.95
log-0073_185           326  20.72     21.65  20.33  -20.33     19.08
log-0078-valid         149  10.32      9.56   8.24    2.33     28.67
log-0079               266  36.51     37.40  35.92  -35.92     25.54
log-0080-valid         368  41.61     40.45  40.68   39.66     31.00
log-0081               827  18.29     16.52  12.71  -12.45     20.51
log-0098               236  10.25      9.15   7.47    1.72     27.22
log-0099               646  26.61     25.95  23.30  -23.29     19.81
log-0113               262  10.87     12.75   8.84   -8.25     26.05
log-0115               181  26.00     29.25  24.74  -24.74     24.33
log-0116               197   9.25      8.95   6.04   -4.99     32.35
log-0117               128   6.63      8.12   4.47   -4.03     25.44
log-0118               114  15.16     16.04  13.78  -13.62     37.02
log-0119               150   6.79      6.55   5.17    1.00     35.96
log-0120                52  19.92     20.36  18.63  -18.60     33.90
log-0122               344  24.39     24.47  21.75  -21.74     33.21
log-0125               205  29.54     30.67  28.40  -28.40     32.52
log-0126                59  26.15     28.24  25.10  -25.09     37.22
log-0127               112  10.20      9.26   8.34    6.61     36.24
log-0129               446  27.97     27.37  27.26   26.50     32.19
log-0132               296  20.09     20.14  16.67  -16.65     33.41
log-0133                94  13.48     14.78  11.86  -11.77     29.99
log-0145-filtered-c01  371   9.75      7.79   5.75   -4.17     17.60
log-0147-filtered-c01   58   7.85      7.14   4.98   -1.44     15.51
log-0147-filtered-c02  270  23.61     22.93  23.01  -22.97     13.81
log-0151-filtered-c01   71  16.04     15.43  15.24  -15.07     17.62
log-0152-filtered-c01  129  12.61     12.70  11.61  -11.55     17.53
log-0152-filtered-c02   73  32.85     32.01  32.36  -32.34     13.86
log-0155-filtered-c01  127  36.23     37.17  35.90  -35.90     23.23

Median                 253.00  15.60     15.73  13.25  -11.66     24.37
Mean                   270.74  17.04     17.26  15.43   -9.73     25.47
Std Dev                181.96   9.96     10.10  10.34   15.47      6.70

Error stats on active_mask (raw): travel/mag_model/adj vs travel
log                      t   rmse  bin_rmse    mae      me  rms_trav
---------------------  ---  -----  --------  -----  ------  --------
log-0046               416  16.75     18.57  16.40  -16.40     20.32
log-0048               431   5.12      5.98   3.79   -1.87     23.66
log-0049               244  21.17     21.60  20.89  -20.88     22.90
log-0054               753   6.95      7.66   5.64   -5.56     18.04
log-0055               263   5.38      4.99   3.58   -0.25     24.42
log-0056               301   7.44      7.26   6.52    6.23     22.66
log-0058               402   4.72      5.06   3.04    1.33     23.70
log-0063               153  18.28     18.92  17.67  -17.66     28.74
log-0071_183           424   6.11      6.17   5.52    5.30     21.63
log-0072_184           344   6.00      6.73   4.70   -4.42     20.95
log-0073_185           326  20.72     21.65  20.33  -20.33     19.08
log-0078-valid         149  10.32      9.56   8.24    2.33     28.67
log-0079               266  36.51     37.40  35.92  -35.92     25.54
log-0080-valid         368  41.61     40.45  40.68   39.66     31.00
log-0081               827  18.29     16.52  12.71  -12.45     20.51
log-0098               236  10.25      9.15   7.47    1.72     27.22
log-0099               646  26.61     25.95  23.30  -23.29     19.81
log-0113               262  10.87     12.75   8.84   -8.25     26.05
log-0115               181  26.00     29.25  24.74  -24.74     24.33
log-0116               197   9.25      8.95   6.04   -4.99     32.35
log-0117               128   6.63      8.12   4.47   -4.03     25.44
log-0118               114  15.16     16.04  13.78  -13.62     37.02
log-0119               150   6.79      6.55   5.17    1.00     35.96
log-0120                52  19.92     20.36  18.63  -18.60     33.90
log-0122               344  24.39     24.47  21.75  -21.74     33.21
log-0125               205  29.54     30.67  28.40  -28.40     32.52
log-0126                59  26.15     28.24  25.10  -25.09     37.22
log-0127               112  10.20      9.26   8.34    6.61     36.24
log-0129               446  27.97     27.37  27.26   26.50     32.19
log-0132               296  20.09     20.14  16.67  -16.65     33.41
log-0133                94  13.48     14.78  11.86  -11.77     29.99
log-0145-filtered-c01  371   9.75      7.79   5.75   -4.17     17.60
log-0147-filtered-c01   58   7.85      7.14   4.98   -1.44     15.51
log-0147-filtered-c02  270  23.61     22.93  23.01  -22.97     13.81
log-0151-filtered-c01   71  16.04     15.43  15.24  -15.07     17.62
log-0152-filtered-c01  129  12.61     12.70  11.61  -11.55     17.53
log-0152-filtered-c02   73  32.85     32.01  32.36  -32.34     13.86
log-0155-filtered-c01  127  36.23     37.17  35.90  -35.90     23.23

Median                 253.00  15.60     15.73  13.25  -11.66     24.37
Mean                   270.74  17.04     17.26  15.43   -9.73     25.47
Std Dev                181.96   9.96     10.10  10.34   15.47      6.70

Error stats on active_mask (raw): travel/solved vs travel
log                      t   rmse  bin_rmse    mae      me  rms_trav
---------------------  ---  -----  --------  -----  ------  --------
log-0046               416   4.21      5.37   3.53   -3.30     20.32
log-0048               431   3.74      3.85   2.59    1.38     23.66
log-0049               244   6.45      6.92   5.89   -5.79     22.90
log-0054               753   2.78      3.10   2.13   -1.03     18.04
log-0055               263   3.02      2.96   2.24   -0.13     24.42
log-0056               301   4.59      4.48   3.60    3.42     22.66
log-0058               402   2.79      2.89   2.01    0.61     23.70
log-0063               153   4.18      3.72   3.26    1.83     28.74
log-0071_183           424   5.90      5.78   5.59   -5.49     21.63
log-0072_184           344   3.55      3.49   2.81    2.54     20.95
log-0073_185           326   2.72      3.26   1.86   -1.22     19.08
log-0078-valid         149   6.38      6.08   4.65   -3.12     28.67
log-0079               266   6.21      5.52   5.19    4.07     25.54
log-0080-valid         368   8.89      9.52   7.42   -6.96     31.00
log-0081               827   9.96      9.37   8.65    3.28     20.51
log-0098               236   5.75      5.63   4.22    0.84     27.22
log-0099               646   8.83      7.85   7.62    2.70     19.81
log-0113               262  11.55     12.73  10.84  -10.79     26.05
log-0115               181   6.21      8.18   4.17   -2.53     24.33
log-0116               197  10.02      9.58   9.01    8.31     32.35
log-0117               128  11.50     12.19  11.00  -10.97     25.44
log-0118               114  15.31     14.59  14.33   14.27     37.02
log-0119               150   6.15      6.93   4.99   -3.00     35.96
log-0120                52   6.32      6.40   5.11   -4.41     33.90
log-0122               344  11.25     10.30   9.99    7.80     33.21
log-0125               205   9.14     10.09   7.82   -6.78     32.52
log-0126                59  55.73     53.50  55.27   55.27     37.22
log-0127               112  10.32     11.87   9.03   -8.74     36.24
log-0129               446   7.77      8.16   6.50   -6.15     32.19
log-0132               296  12.83     12.57  11.31  -11.22     33.41
log-0133                94  10.11      9.47   9.07    8.91     29.99
log-0145-filtered-c01  371  13.58     14.49  12.69   12.19     17.60
log-0147-filtered-c01   58  10.92     12.27   9.57    9.29     15.51
log-0147-filtered-c02  270   5.34      4.83   3.94   -1.40     13.81
log-0151-filtered-c01   71   5.11      5.13   3.88    1.96     17.62
log-0152-filtered-c01  129   3.79      3.84   2.71   -1.33     17.53
log-0152-filtered-c02   73   9.67      8.85   8.33   -8.03     13.86
log-0155-filtered-c01  127  13.20     13.99  12.39  -12.12     23.23

Median                 253.00   6.42      7.39   5.74   -1.12     24.37
Mean                   270.74   8.84      8.94   7.77    0.64     25.47
Std Dev                181.96   8.43      8.12   8.51   11.07      6.70

Error stats on active_mask (raw): travel/solved/mag_nuisance/delta_lifted vs travel
log                      t   rmse  bin_rmse    mae      me  rms_trav
---------------------  ---  -----  --------  -----  ------  --------
log-0046               416  16.40     17.94  16.12  -16.12     20.32
log-0048               431   5.07      6.10   3.57   -2.29     23.66
log-0049               244  20.76     21.30  20.55  -20.55     22.90
log-0054               753   6.60      7.29   5.49   -5.47     18.04
log-0055               263   4.24      3.99   2.80   -0.23     24.42
log-0056               301   7.27      7.04   6.61    6.23     22.66
log-0058               402   4.19      4.30   2.89    1.12     23.70
log-0063               153  18.91     19.41  18.59  -18.59     28.74
log-0071_183           424   5.75      5.87   5.38    5.13     21.63
log-0072_184           344   5.19      5.71   4.27   -4.08     20.95
log-0073_185           326  20.23     20.93  19.98  -19.98     19.08
log-0078-valid         149   8.31      8.02   6.41    2.15     28.67
log-0079               266  36.44     37.41  36.12  -36.12     25.54
log-0080-valid         368  40.76     39.85  40.24   39.73     31.00
log-0081               827  15.78     14.57  11.92  -11.82     20.51
log-0098               236   6.42      6.09   4.70    1.69     27.22
log-0099               646  23.93     24.10  22.22  -22.22     19.81
log-0113               262   9.64     11.25   8.26   -8.03     26.05
log-0115               181  25.09     28.19  24.13  -24.13     24.33
log-0116               197   7.79      7.71   5.50   -4.68     32.35
log-0117               128   6.78      8.28   4.63   -4.24     25.44
log-0118               114  15.29     16.15  14.30  -14.17     37.02
log-0119               150   5.67      5.65   4.49    1.09     35.96
log-0120                52  18.41     18.76  17.61  -17.59     33.90
log-0122               344  22.63     22.98  20.82  -20.82     33.21
log-0125               205  28.46     29.76  27.69  -27.69     32.52
log-0126                59  25.59     27.76  24.77  -24.77     37.22
log-0127               112   8.99      8.16   7.64    6.74     36.24
log-0129               446  27.46     26.81  26.85   26.78     32.19
log-0132               296  18.46     18.63  15.98  -15.96     33.41
log-0133                94  12.31     13.35  11.35  -11.32     29.99
log-0145-filtered-c01  371   7.96      6.37   4.86   -3.36     17.60
log-0147-filtered-c01   58   6.09      5.79   4.22   -0.77     15.51
log-0147-filtered-c02  270  23.64     22.93  23.06  -23.03     13.81
log-0151-filtered-c01   71  15.97     15.38  15.28  -15.12     17.62
log-0152-filtered-c01  129  11.80     12.07  11.21  -11.14     17.53
log-0152-filtered-c02   73  32.79     31.96  32.39  -32.37     13.86
log-0155-filtered-c01  127  37.14     37.72  36.81  -36.81     23.23

Median                 253.00  15.53     14.97  13.11  -11.23     24.37
Mean                   270.74  16.16     16.46  14.99   -9.55     25.47
Std Dev                181.96  10.16     10.30  10.52   15.44      6.70

Error stats on active_mask (raw): travel/mag_nuisance/corrected vs travel
log                      t   rmse  bin_rmse    mae      me  rms_trav
---------------------  ---  -----  --------  -----  ------  --------
log-0046               416  16.58     18.55  16.24  -16.24     20.32
log-0048               431   5.11      6.01   3.58   -2.25     23.66
log-0049               244  20.87     21.41  20.64  -20.63     22.90
log-0054               753   6.72      7.49   5.53   -5.50     18.04
log-0055               263   4.55      4.26   2.96   -0.35     24.42
log-0056               301   7.39      7.16   6.66    6.12     22.66
log-0058               402   4.45      4.73   2.96    1.12     23.70
log-0063               153  18.74     19.28  18.35  -18.34     28.74
log-0071_183           424   5.92      6.07   5.48    5.11     21.63
log-0072_184           344   5.77      6.42   4.49   -4.27     20.95
log-0073_185           326  20.47     21.49  20.14  -20.14     19.08
log-0078-valid         149   8.33      8.09   6.44    2.12     28.67
log-0079               266  36.37     37.33  36.06  -36.06     25.54
log-0080-valid         368  40.57     39.84  39.99   39.94     31.00
log-0081               827  16.00     14.77  12.05  -11.94     20.51
log-0098               236   6.39      6.10   4.76    1.67     27.22
log-0099               646  24.15     24.40  22.39  -22.38     19.81
log-0113               262   9.86     11.61   8.35   -8.12     26.05
log-0115               181  25.53     28.87  24.46  -24.46     24.33
log-0116               197   8.02      7.88   5.58   -4.81     32.35
log-0117               128   7.13      8.81   4.77   -4.40     25.44
log-0118               114  15.41     16.42  14.38  -14.23     37.02
log-0119               150   5.76      5.68   4.55    0.98     35.96
log-0120                52  18.94     19.37  18.04  -18.01     33.90
log-0122               344  23.15     23.46  21.15  -21.14     33.21
log-0125               205  28.72     30.04  27.92  -27.92     32.52
log-0126                59  25.79     27.97  24.91  -24.91     37.22
log-0127               112   9.06      8.20   7.67    6.78     36.24
log-0129               446  27.42     26.75  26.78   26.71     32.19
log-0132               296  18.90     19.11  16.22  -16.20     33.41
log-0133                94  12.51     13.59  11.46  -11.40     29.99
log-0145-filtered-c01  371   9.15      7.32   5.57   -3.99     17.60
log-0147-filtered-c01   58   7.65      7.00   4.78   -1.42     15.51
log-0147-filtered-c02  270  23.74     23.03  23.12  -23.08     13.81
log-0151-filtered-c01   71  16.21     15.55  15.39  -15.22     17.62
log-0152-filtered-c01  129  12.42     12.55  11.49  -11.43     17.53
log-0152-filtered-c02   73  32.89     32.04  32.40  -32.38     13.86
log-0155-filtered-c01  127  36.42     37.31  36.12  -36.12     23.23

Median                 253.00  15.70     15.16  13.21  -11.41     24.37
Mean                   270.74  16.40     16.74  15.10   -9.65     25.47
Std Dev                181.96  10.02     10.20  10.43   15.44      6.70


======================== CENTERED ERRORS ========================

Cache duration summary
log                    samples  dt_ms  total_s  active_s  active_%
---------------------  -------  -----  -------  --------  --------
log-0046                 61344  10.00   613.44    416.16     67.84
log-0048                108107  10.00  1081.07    431.54     39.92
log-0049                 44189  10.00   441.89    244.46     55.32
log-0054                111816  10.00  1118.16    753.30     67.37
log-0055                 43808  10.00   438.08    263.36     60.12
log-0056                 61448  10.00   614.48    301.64     49.09
log-0058                 44381  10.00   443.81    402.52     90.70
log-0063                 40781  10.00   407.81    153.27     37.58
log-0071_183             65908  10.00   659.08    424.88     64.47
log-0072_184             58385  10.00   583.85    344.61     59.02
log-0073_185             39115  10.00   391.15    326.61     83.50
log-0078-valid           22949  10.00   229.49    149.70     65.23
log-0079                 46824  10.00   468.24    266.64     56.95
log-0080-valid           64718  10.00   647.18    368.29     56.91
log-0081                113665  10.00  1136.65    827.70     72.82
log-0098                 36717  10.00   367.17    237.06     64.56
log-0099                 65579  10.00   655.79    646.10     98.52
log-0113                 29498  10.00   294.98    262.71     89.06
log-0115                 18835  10.00   188.35    181.69     96.46
log-0116                 27283  10.00   272.83    198.05     72.59
log-0117                 14148  10.00   141.48    128.40     90.75
log-0118                 16328  10.00   163.28    114.79     70.30
log-0119                 19584  10.00   195.84    150.36     76.78
log-0120                  6011  10.00    60.11     52.91     88.02
log-0122                 43803  10.00   438.03    344.65     78.68
log-0125                 24913  10.00   249.13    205.54     82.50
log-0126                 14241  10.00   142.41     59.80     41.99
log-0127                 26922  10.00   269.22    112.86     41.92
log-0129                 77819  10.00   778.19    446.17     57.33
log-0132                 34660  10.00   346.60    296.59     85.57
log-0133                 10539  10.00   105.39     94.70     89.86
log-0145-filtered-c01    39029  10.00   390.29    371.32     95.14
log-0147-filtered-c01    20838  10.00   208.38     92.18     44.24
log-0147-filtered-c02    38239  10.00   382.39    347.00     90.75
log-0151-filtered-c01     9991  10.00    99.91     91.69     91.77
log-0152-filtered-c01    16176  10.00   161.76    161.76    100.00
log-0152-filtered-c02    10216  10.00   102.16     94.33     92.34
log-0155-filtered-c01    14580  10.00   145.80    136.37     93.53

Error stats on active_mask (centered): travel/mag_model vs travel
log                      t   rmse  bin_rmse    mae  nrmse  rms_trav
---------------------  ---  -----  --------  -----  -----  --------
log-0046               416   3.41      4.66   2.21   0.17     20.32
log-0048               431   4.76      5.11   3.05   0.20     23.66
log-0049               244   3.50      3.53   2.33   0.15     22.90
log-0054               753   4.16      4.59   2.84   0.23     18.04
log-0055               263   5.37      4.97   3.58   0.22     24.42
log-0056               301   4.07      4.25   2.71   0.18     22.66
log-0058               402   4.53      5.02   2.77   0.19     23.70
log-0063               153   4.73      4.48   3.39   0.16     28.74
log-0071_183           424   3.04      3.11   1.85   0.14     21.63
log-0072_184           344   4.06      4.52   2.43   0.19     20.95
log-0073_185           326   3.98      4.82   2.60   0.21     19.08
log-0078-valid         149  10.05      9.24   7.36   0.35     28.67
log-0079               266   6.54      5.76   4.98   0.26     25.54
log-0080-valid         368  12.59     10.44   7.47   0.41     31.00
log-0081               827  13.40     12.08  10.40   0.65     20.51
log-0098               236  10.10      9.20   6.99   0.37     27.22
log-0099               646  12.88     10.71  10.58   0.65     19.81
log-0113               262   7.08      7.93   4.73   0.27     26.05
log-0115               181   7.99      8.51   5.79   0.33     24.33
log-0116               197   7.79      7.30   5.43   0.24     32.35
log-0117               128   5.27      6.09   3.37   0.21     25.44
log-0118               114   6.65      7.02   5.21   0.18     37.02
log-0119               150   6.72      6.63   5.13   0.19     35.96
log-0120                52   7.15      7.18   5.20   0.21     33.90
log-0122               344  11.06     10.14   8.68   0.33     33.21
log-0125               205   8.11      7.50   6.19   0.25     32.52
log-0126                59   7.38      7.54   6.07   0.20     37.22
log-0127               112   7.76      7.68   5.36   0.21     36.24
log-0129               446   8.94      9.42   5.39   0.28     32.19
log-0132               296  11.23     10.94   8.68   0.34     33.41
log-0133                94   6.58      7.25   4.67   0.22     29.99
log-0145-filtered-c01  371   8.81      7.71   6.38   0.50     17.60
log-0147-filtered-c01   58   7.72      7.40   5.09   0.50     15.51
log-0147-filtered-c02  270   5.47      5.26   4.25   0.40     13.81
log-0151-filtered-c01   71   5.50      5.28   3.72   0.31     17.62
log-0152-filtered-c01  129   5.07      4.60   3.39   0.29     17.53
log-0152-filtered-c02   73   5.74      5.25   4.75   0.41     13.86
log-0155-filtered-c01  127   4.88      4.69   3.93   0.21     23.23

Median                 253.00   6.61      6.83   4.86   0.24     24.37
Mean                   270.74   6.95      6.79   4.97   0.28     25.47
Std Dev                181.96   2.73      2.25   2.16   0.13      6.70

Error stats on active_mask (centered): travel/mag_model/adj vs travel
log                      t   rmse  bin_rmse    mae  nrmse  rms_trav
---------------------  ---  -----  --------  -----  -----  --------
log-0046               416   3.41      4.66   2.21   0.17     20.32
log-0048               431   4.76      5.11   3.05   0.20     23.66
log-0049               244   3.50      3.53   2.33   0.15     22.90
log-0054               753   4.16      4.59   2.84   0.23     18.04
log-0055               263   5.37      4.97   3.58   0.22     24.42
log-0056               301   4.07      4.25   2.71   0.18     22.66
log-0058               402   4.53      5.02   2.77   0.19     23.70
log-0063               153   4.73      4.48   3.39   0.16     28.74
log-0071_183           424   3.04      3.11   1.85   0.14     21.63
log-0072_184           344   4.06      4.52   2.43   0.19     20.95
log-0073_185           326   3.98      4.82   2.60   0.21     19.08
log-0078-valid         149  10.05      9.24   7.36   0.35     28.67
log-0079               266   6.54      5.76   4.98   0.26     25.54
log-0080-valid         368  12.59     10.44   7.47   0.41     31.00
log-0081               827  13.40     12.08  10.40   0.65     20.51
log-0098               236  10.10      9.20   6.99   0.37     27.22
log-0099               646  12.88     10.71  10.58   0.65     19.81
log-0113               262   7.08      7.93   4.73   0.27     26.05
log-0115               181   7.99      8.51   5.79   0.33     24.33
log-0116               197   7.79      7.30   5.43   0.24     32.35
log-0117               128   5.27      6.09   3.37   0.21     25.44
log-0118               114   6.65      7.02   5.21   0.18     37.02
log-0119               150   6.72      6.63   5.13   0.19     35.96
log-0120                52   7.15      7.18   5.20   0.21     33.90
log-0122               344  11.06     10.14   8.68   0.33     33.21
log-0125               205   8.11      7.50   6.19   0.25     32.52
log-0126                59   7.38      7.54   6.07   0.20     37.22
log-0127               112   7.76      7.68   5.36   0.21     36.24
log-0129               446   8.94      9.42   5.39   0.28     32.19
log-0132               296  11.23     10.94   8.68   0.34     33.41
log-0133                94   6.58      7.25   4.67   0.22     29.99
log-0145-filtered-c01  371   8.81      7.71   6.38   0.50     17.60
log-0147-filtered-c01   58   7.72      7.40   5.09   0.50     15.51
log-0147-filtered-c02  270   5.47      5.26   4.25   0.40     13.81
log-0151-filtered-c01   71   5.50      5.28   3.72   0.31     17.62
log-0152-filtered-c01  129   5.07      4.60   3.39   0.29     17.53
log-0152-filtered-c02   73   5.74      5.25   4.75   0.41     13.86
log-0155-filtered-c01  127   4.88      4.69   3.93   0.21     23.23

Median                 253.00   6.61      6.83   4.86   0.24     24.37
Mean                   270.74   6.95      6.79   4.97   0.28     25.47
Std Dev                181.96   2.73      2.25   2.16   0.13      6.70

Error stats on active_mask (centered): travel/solved vs travel
log                      t  rmse  bin_rmse   mae  nrmse  rms_trav
---------------------  ---  ----  --------  ----  -----  --------
log-0046               416  2.61      3.42  1.89   0.13     20.32
log-0048               431  3.48      4.21  2.45   0.15     23.66
log-0049               244  2.85      2.83  1.93   0.12     22.90
log-0054               753  2.58      2.77  1.95   0.14     18.04
log-0055               263  3.01      2.95  2.23   0.12     24.42
log-0056               301  3.06      3.29  2.25   0.14     22.66
log-0058               402  2.72      2.91  1.99   0.11     23.70
log-0063               153  3.76      3.57  2.83   0.13     28.74
log-0071_183           424  2.15      2.20  1.53   0.10     21.63
log-0072_184           344  2.48      2.77  1.76   0.12     20.95
log-0073_185           326  2.43      2.87  1.54   0.13     19.08
log-0078-valid         149  5.57      5.35  4.41   0.19     28.67
log-0079               266  4.69      4.67  3.65   0.18     25.54
log-0080-valid         368  5.54      5.36  4.28   0.18     31.00
log-0081               827  9.40      8.31  7.58   0.46     20.51
log-0098               236  5.69      5.70  4.10   0.21     27.22
log-0099               646  8.41      7.57  7.02   0.42     19.81
log-0113               262  4.12      4.40  3.28   0.16     26.05
log-0115               181  5.67      6.81  4.17   0.23     24.33
log-0116               197  5.59      5.24  4.23   0.17     32.35
log-0117               128  3.45      3.49  2.58   0.14     25.44
log-0118               114  5.54      5.75  4.38   0.15     37.02
log-0119               150  5.37      5.67  4.38   0.15     35.96
log-0120                52  4.52      4.43  3.47   0.13     33.90
log-0122               344  8.10      7.61  6.42   0.24     33.21
log-0125               205  6.14      6.03  5.02   0.19     32.52
log-0126                59  7.12      7.29  5.66   0.19     37.22
log-0127               112  5.48      6.03  4.42   0.15     36.24
log-0129               446  4.74      4.64  3.80   0.15     32.19
log-0132               296  6.22      5.55  4.83   0.19     33.41
log-0133                94  4.78      5.11  3.70   0.16     29.99
log-0145-filtered-c01  371  5.98      5.34  4.49   0.34     17.60
log-0147-filtered-c01   58  5.74      5.76  4.08   0.37     15.51
log-0147-filtered-c02  270  5.15      4.78  4.00   0.37     13.81
log-0151-filtered-c01   71  4.71      4.59  3.10   0.27     17.62
log-0152-filtered-c01  129  3.55      3.42  2.54   0.20     17.53
log-0152-filtered-c02   73  5.39      4.99  4.45   0.39     13.86
log-0155-filtered-c01  127  5.22      5.01  3.90   0.22     23.23

Median                 253.00  4.96      4.88  3.85   0.17     24.37
Mean                   270.74  4.82      4.81  3.69   0.20     25.47
Std Dev                181.96  1.71      1.50  1.45   0.09      6.70

Error stats on active_mask (centered): travel/solved/mag_nuisance/delta_lifted vs travel
log                      t   rmse  bin_rmse   mae  nrmse  rms_trav
---------------------  ---  -----  --------  ----  -----  --------
log-0046               416   3.02      4.01  2.09   0.15     20.32
log-0048               431   4.53      4.90  2.93   0.19     23.66
log-0049               244   2.97      2.96  2.07   0.13     22.90
log-0054               753   3.68      4.07  2.40   0.20     18.04
log-0055               263   4.23      3.98  2.82   0.17     24.42
log-0056               301   3.75      3.94  2.49   0.17     22.66
log-0058               402   4.04      4.31  2.55   0.17     23.70
log-0063               153   3.46      3.29  2.69   0.12     28.74
log-0071_183           424   2.61      2.87  1.67   0.12     21.63
log-0072_184           344   3.20      3.48  2.06   0.15     20.95
log-0073_185           326   3.16      3.75  2.13   0.17     19.08
log-0078-valid         149   8.03      7.64  5.61   0.28     28.67
log-0079               266   4.83      4.78  3.74   0.19     25.54
log-0080-valid         368   9.09      6.87  5.21   0.29     31.00
log-0081               827  10.45      9.77  8.22   0.51     20.51
log-0098               236   6.19      6.12  4.34   0.23     27.22
log-0099               646   8.87      7.99  7.33   0.45     19.81
log-0113               262   5.33      5.82  3.76   0.20     26.05
log-0115               181   6.88      7.78  5.04   0.28     24.33
log-0116               197   6.23      5.89  4.57   0.19     32.35
log-0117               128   5.30      6.20  3.36   0.21     25.44
log-0118               114   5.75      6.02  4.50   0.16     37.02
log-0119               150   5.56      5.75  4.43   0.15     35.96
log-0120                52   5.44      5.49  4.13   0.16     33.90
log-0122               344   8.88      8.24  7.04   0.27     33.21
log-0125               205   6.60      6.35  5.24   0.20     32.52
log-0126                59   6.46      6.98  5.41   0.17     37.22
log-0127               112   5.96      6.22  4.54   0.16     36.24
log-0129               446   6.07      6.09  4.43   0.19     32.19
log-0132               296   9.29      9.15  7.29   0.28     33.41
log-0133                94   4.85      5.22  3.73   0.16     29.99
log-0145-filtered-c01  371   7.21      6.32  5.26   0.41     17.60
log-0147-filtered-c01   58   6.04      5.96  4.24   0.39     15.51
log-0147-filtered-c02  270   5.32      4.96  4.21   0.39     13.81
log-0151-filtered-c01   71   5.14      4.89  3.69   0.29     17.62
log-0152-filtered-c01  129   3.90      3.63  2.84   0.22     17.53
log-0152-filtered-c02   73   5.24      4.95  4.33   0.38     13.86
log-0155-filtered-c01  127   4.93      4.59  3.70   0.21     23.23

Median                 253.00   5.32      5.62  4.17   0.20     24.37
Mean                   270.74   5.59      5.56  4.11   0.23     25.47
Std Dev                181.96   1.92      1.66  1.57   0.10      6.70

Error stats on active_mask (centered): travel/mag_nuisance/corrected vs travel
log                      t   rmse  bin_rmse   mae  nrmse  rms_trav
---------------------  ---  -----  --------  ----  -----  --------
log-0046               416   3.34      4.60  2.22   0.16     20.32
log-0048               431   4.59      4.85  2.94   0.19     23.66
log-0049               244   3.16      3.15  2.16   0.14     22.90
log-0054               753   3.86      4.33  2.48   0.21     18.04
log-0055               263   4.54      4.24  2.99   0.19     24.42
log-0056               301   4.13      4.32  2.63   0.18     22.66
log-0058               402   4.30      4.77  2.62   0.18     23.70
log-0063               153   3.88      3.67  2.91   0.13     28.74
log-0071_183           424   2.98      3.28  1.77   0.14     21.63
log-0072_184           344   3.89      4.27  2.32   0.19     20.95
log-0073_185           326   3.69      4.53  2.41   0.19     19.08
log-0078-valid         149   8.06      7.72  5.66   0.28     28.67
log-0079               266   4.78      4.75  3.73   0.19     25.54
log-0080-valid         368   7.09      6.39  4.96   0.23     31.00
log-0081               827  10.65     10.07  8.36   0.52     20.51
log-0098               236   6.17      6.12  4.39   0.23     27.22
log-0099               646   9.07      8.21  7.49   0.46     19.81
log-0113               262   5.60      6.17  3.93   0.22     26.05
log-0115               181   7.28      8.08  5.42   0.30     24.33
log-0116               197   6.42      6.07  4.69   0.20     32.35
log-0117               128   5.61      6.62  3.53   0.22     25.44
log-0118               114   5.91      6.14  4.59   0.16     37.02
log-0119               150   5.68      5.78  4.49   0.16     35.96
log-0120                52   5.86      5.91  4.46   0.17     33.90
log-0122               344   9.44      8.70  7.60   0.28     33.21
log-0125               205   6.75      6.41  5.34   0.21     32.52
log-0126                59   6.69      7.11  5.55   0.18     37.22
log-0127               112   6.00      6.25  4.60   0.17     36.24
log-0129               446   6.18      6.19  4.51   0.19     32.19
log-0132               296   9.72      9.62  7.65   0.29     33.41
log-0133                94   5.15      5.53  3.93   0.17     29.99
log-0145-filtered-c01  371   8.23      7.25  6.12   0.47     17.60
log-0147-filtered-c01   58   7.52      7.26  4.84   0.48     15.51
log-0147-filtered-c02  270   5.54      5.33  4.37   0.40     13.81
log-0151-filtered-c01   71   5.57      5.35  3.91   0.32     17.62
log-0152-filtered-c01  129   4.86      4.42  3.25   0.28     17.53
log-0152-filtered-c02   73   5.74      5.26  4.75   0.41     13.86
log-0155-filtered-c01  127   4.70      4.50  3.81   0.20     23.23

Median                 253.00   5.64      5.84  4.38   0.20     24.37
Mean                   270.74   5.86      5.87  4.30   0.24     25.47
Std Dev                181.96   1.86      1.63  1.62   0.10      6.70
