Experiment: new_mask_front_default
ID: 20260909T000113Z-new-mask-front-default
Created: 2026-09-08T17:01:13-07:00
Group: front-default
Tags: none
Pipeline code: 85d4144ad762
Experiment fingerprint: 2ed4708cf01fead0b1217f78e7797d9a10198458052567d9d83e447a8f429aad
Notes: (none)

======================== UNCENTERED ERRORS ========================

Cache duration summary
log             samples  dt_ms  total_s  boring_s  boring_%
--------------  -------  -----  -------  --------  --------
log-0046          61344  10.00   613.44    375.87     61.27
log-0048         108107  10.00  1081.07    335.36     31.02
log-0049          44189  10.00   441.89    176.84     40.02
log-0054         111816  10.00  1118.16    671.94     60.09
log-0055          43808  10.00   438.08    226.51     51.71
log-0056          61448  10.00   614.48    273.25     44.47
log-0058          44381  10.00   443.81    387.07     87.22
log-0063          40781  10.00   407.81    103.45     25.37
log-0071_183      65908  10.00   659.08    416.91     63.26
log-0072_184      58385  10.00   583.85    327.72     56.13
log-0073_185      39115  10.00   391.15    287.27     73.44
log-0078-valid    22949  10.00   229.49    132.60     57.78
log-0079          46824  10.00   468.24    241.21     51.51
log-0080-valid    64718  10.00   647.18    326.94     50.52
log-0081         113665  10.00  1136.65    735.77     64.73
log-0098          36717  10.00   367.17    224.20     61.06
log-0099          65579  10.00   655.79    634.18     96.70
log-0113          29498  10.00   294.98    236.19     80.07
log-0115          18835  10.00   188.35    171.92     91.28
log-0116          27283  10.00   272.83    180.12     66.02
log-0117          14148  10.00   141.48    123.56     87.33
log-0118          16328  10.00   163.28    110.60     67.74
log-0119          19584  10.00   195.84    139.52     71.24
log-0120           6011  10.00    60.11     49.68     82.65
log-0122          43803  10.00   438.03    320.51     73.17
log-0125          24913  10.00   249.13    189.97     76.25
log-0126          14241  10.00   142.41     54.49     38.26
log-0127          26922  10.00   269.22    105.01     39.01
log-0129          77819  10.00   778.19    415.56     53.40
log-0132          34660  10.00   346.60    267.48     77.17
log-0133          10539  10.00   105.39     93.82     89.02
log103            72985  10.00   729.85    396.93     54.39
log104            59770  10.00   597.70    398.14     66.61
log106            19535  10.00   195.35    154.25     78.96
log107            25307  10.00   253.07    167.39     66.14
log109            21587  10.00   215.87    181.66     84.15
log110            21450  10.00   214.50    171.49     79.95
log112            63277  10.00   632.77    329.94     52.14

Error stats on boring_mask (raw): travel/mag_model vs travel
log               t   rmse  bin_rmse    mae      me  rms_trav
--------------  ---  -----  --------  -----  ------  --------
log-0046        375  22.37     25.00  21.87  -21.87     20.24
log-0048        335  14.84     15.68  13.98  -13.94     22.24
log-0049        176  17.35     18.69  16.59  -16.59     21.94
log-0054        671  16.24     17.78  15.23  -15.23     17.53
log-0055        226  15.67     16.17  14.22  -14.22     23.17
log-0056        273   8.90     10.22   6.42   -6.05     22.16
log-0058        387   8.45      9.56   6.56   -6.28     23.06
log-0063        103  24.81     26.10  24.38  -24.38     26.03
log-0071_183    416   4.69      5.41   2.81    0.72     21.40
log-0072_184    327   8.58      9.83   6.96   -6.86     20.85
log-0073_185    287  26.19     26.98  25.45  -25.45     19.29
log-0078-valid  132  50.68     48.58  49.41  -49.41     28.39
log-0079        241  33.41     30.74  30.90  -30.89     25.62
log-0080-valid  326  34.32     30.85  29.54  -29.44     28.92
log-0081        735  44.87     38.36  41.28  -41.28     20.92
log-0098        224  40.88     37.42  38.25  -38.25     26.51
log-0099        634  46.51     41.54  43.00  -43.00     19.90
log-0113        236  19.96     22.30  18.78  -18.50     29.28
log-0115        171  34.45     37.71  33.48  -33.48     26.42
log-0116        180  11.34     12.27   8.44   -6.44     34.57
log-0117        123  12.69     13.96  11.41  -10.99     28.77
log-0118        110  32.18     31.34  30.73  -30.68     40.18
log-0119        139  27.62     27.95  26.14  -26.10     39.62
log-0120         49  40.73     41.36  39.81  -39.81     37.74
log-0122        320  47.08     47.76  46.03  -46.03     35.94
log-0125        189  38.69     39.15  37.34  -37.34     36.34
log-0126         54  21.58     21.92  18.92  -17.31     40.37
log-0127        105  33.15     33.81  31.89  -31.88     39.60
log-0129        415  14.04     16.40  10.27   -8.88     34.86
log-0132        267  31.79     32.42  29.95  -29.94     36.68
log-0133         93  26.33     28.42  24.63  -24.59     32.73
log103          396  24.36     25.19  23.63  -23.63     22.62
log104          398  20.76     22.32  20.12  -20.12     21.56
log106          154  12.99     14.35  11.91  -11.91     22.73
log107          167  21.68     22.43  21.15  -21.15     21.70
log109          181  17.10     19.19  16.48  -16.48     22.03
log110          171  25.70     27.06  25.06  -25.06     21.28
log112          329  10.98     12.49   8.84   -8.69     22.95

Median          231.00  23.36     25.09  22.75  -22.75     24.39
Mean            266.18  24.84     25.23  23.21  -22.93     27.27
Std Dev         159.91  12.13     11.00  12.03   12.37      6.95

Error stats on boring_mask (raw): travel/mag_model/adj vs travel
log               t   rmse  bin_rmse    mae      me  rms_trav
--------------  ---  -----  --------  -----  ------  --------
log-0046        375   5.03      6.10   3.92    1.78     20.24
log-0048        335   7.95      8.77   6.36   -6.10     22.24
log-0049        176   6.26      6.26   5.74    3.68     21.94
log-0054        671   8.75     10.35   6.77   -6.69     17.53
log-0055        226  10.81     10.43  10.14    8.58     23.17
log-0056        273  10.02     11.39   7.80   -7.60     22.16
log-0058        387   6.13      7.27   3.88   -2.39     23.06
log-0063        103   4.62      5.11   3.26   -0.39     26.03
log-0071_183    416  11.04     11.63  10.04  -10.02     21.40
log-0072_184    327   5.19      6.07   2.98   -0.65     20.85
log-0073_185    287   7.75      8.66   5.05   -4.70     19.29
log-0078-valid  132  23.14     20.70  20.43  -20.21     28.39
log-0079        241  15.88     13.12  11.14   -9.53     25.62
log-0080-valid  326  19.22     18.94  17.01    7.62     28.92
log-0081        735  19.44     14.29  14.82   -8.26     20.92
log-0098        224  17.82     14.19  12.39  -10.48     26.51
log-0099        634  21.06     15.60  15.53  -11.36     19.90
log-0113        236  28.12     30.36  27.17  -27.10     29.28
log-0115        171  11.63     14.37   8.69   -8.32     26.42
log-0116        180  34.39     35.13  33.10  -33.10     34.57
log-0117        123   6.38      7.72   4.58    0.66     28.77
log-0118        110  24.75     24.05  23.06  -22.76     40.18
log-0119        139  33.47     33.79  32.23  -32.23     39.62
log-0120         49  14.56     14.91  12.17  -11.75     37.74
log-0122        320  16.67     16.99  13.72  -13.42     35.94
log-0125        189  18.20     18.59  15.79  -15.11     36.34
log-0126         54  32.74     33.16  30.32  -30.09     40.37
log-0127        105   9.12      9.17   6.99   -0.78     39.60
log-0129        415  27.95     29.91  25.78  -25.75     34.86
log-0132        267  33.56     34.19  31.82  -31.82     36.68
log-0133         93  14.38     16.59  11.56  -10.87     32.73
log103          396   6.47      7.29   4.20   -2.61     22.62
log104          398   5.17      6.48   3.18   -0.85     21.56
log106          154   9.76     11.20   8.31   -8.27     22.73
log107          167   7.92      9.04   6.46   -6.31     21.70
log109          181  10.04     13.58   8.96   -8.94     22.03
log110          171  12.36     13.71  10.98  -10.98     21.28
log112          329  12.59     12.06  11.90   10.64     22.95

Median          231.00  11.99     13.35  10.56   -8.29     24.39
Mean            266.18  15.01     15.29  12.85   -9.64     27.27
Std Dev         159.91   8.94      8.71   8.85   11.26      6.95

Error stats on boring_mask (raw): travel/solved vs travel
log               t   rmse  bin_rmse    mae      me  rms_trav
--------------  ---  -----  --------  -----  ------  --------
log-0046        375   4.34      4.54   3.57    2.78     20.24
log-0048        335   6.06      6.67   5.30   -4.96     22.24
log-0049        176   6.22      6.17   5.67    4.24     21.94
log-0054        671   6.75      7.30   5.69   -5.57     17.53
log-0055        226  10.98     10.65  10.27    9.61     23.17
log-0056        273   6.62      7.31   5.90   -5.54     22.16
log-0058        387   3.80      4.10   3.01   -1.23     23.06
log-0063        103   4.15      4.57   3.01    0.09     26.03
log-0071_183    416   9.40      9.25   8.98   -8.93     21.40
log-0072_184    327   3.31      3.66   2.33    0.47     20.85
log-0073_185    287   5.87      6.05   3.97   -3.25     19.29
log-0078-valid  132  22.27     20.13  19.71  -19.39     28.39
log-0079        241  12.55     10.32   9.11   -6.88     25.62
log-0080-valid  326  18.11     18.23  15.84    9.84     28.92
log-0081        735  17.53     12.79  13.38   -6.02     20.92
log-0098        224  14.20     11.19  10.08   -7.74     26.51
log-0099        634  18.37     13.42  13.58   -9.11     19.90
log-0113        236  26.02     26.38  25.07  -24.93     29.28
log-0115        171  10.21     12.61   7.81   -6.73     26.42
log-0116        180  31.15     30.82  29.93  -29.91     34.57
log-0117        123   6.23      7.47   4.56    0.97     28.77
log-0118        110  24.20     23.10  22.31  -21.81     40.18
log-0119        139  31.05     31.05  29.06  -28.89     39.62
log-0120         49  12.45     12.67  10.54   -9.29     37.74
log-0122        320  14.43     14.84  12.01  -10.89     35.94
log-0125        189  15.79     15.72  13.83  -12.83     36.34
log-0126         54  31.88     32.45  29.37  -28.94     40.37
log-0127        105   9.42      9.45   7.05    1.20     39.60
log-0129        415  24.12     23.62  22.82  -22.73     34.86
log-0132        267  29.39     28.46  27.81  -27.72     36.68
log-0133         93  11.58     11.99   9.96   -8.90     32.73
log103          396   4.81      5.36   3.28   -1.42     22.62
log104          398   3.56      4.27   2.45    0.31     21.56
log106          154   7.19      7.29   6.68   -6.56     22.73
log107          167   5.94      6.08   5.20   -4.96     21.70
log109          181   8.59      8.11   8.04   -7.99     22.03
log110          171   9.99     10.42   9.26   -9.22     21.28
log112          329  12.50     11.81  11.80   11.64     22.95

Median          231.00  10.60     10.54   9.18   -6.64     24.39
Mean            266.18  13.19     12.90  11.53   -7.93     27.27
Std Dev         159.91   8.56      8.23   8.24   10.77      6.95


======================== CENTERED ERRORS ========================

Cache duration summary
log             samples  dt_ms  total_s  boring_s  boring_%
--------------  -------  -----  -------  --------  --------
log-0046          61344  10.00   613.44    375.87     61.27
log-0048         108107  10.00  1081.07    335.36     31.02
log-0049          44189  10.00   441.89    176.84     40.02
log-0054         111816  10.00  1118.16    671.94     60.09
log-0055          43808  10.00   438.08    226.51     51.71
log-0056          61448  10.00   614.48    273.25     44.47
log-0058          44381  10.00   443.81    387.07     87.22
log-0063          40781  10.00   407.81    103.45     25.37
log-0071_183      65908  10.00   659.08    416.91     63.26
log-0072_184      58385  10.00   583.85    327.72     56.13
log-0073_185      39115  10.00   391.15    287.27     73.44
log-0078-valid    22949  10.00   229.49    132.60     57.78
log-0079          46824  10.00   468.24    241.21     51.51
log-0080-valid    64718  10.00   647.18    326.94     50.52
log-0081         113665  10.00  1136.65    735.77     64.73
log-0098          36717  10.00   367.17    224.20     61.06
log-0099          65579  10.00   655.79    634.18     96.70
log-0113          29498  10.00   294.98    236.19     80.07
log-0115          18835  10.00   188.35    171.92     91.28
log-0116          27283  10.00   272.83    180.12     66.02
log-0117          14148  10.00   141.48    123.56     87.33
log-0118          16328  10.00   163.28    110.60     67.74
log-0119          19584  10.00   195.84    139.52     71.24
log-0120           6011  10.00    60.11     49.68     82.65
log-0122          43803  10.00   438.03    320.51     73.17
log-0125          24913  10.00   249.13    189.97     76.25
log-0126          14241  10.00   142.41     54.49     38.26
log-0127          26922  10.00   269.22    105.01     39.01
log-0129          77819  10.00   778.19    415.56     53.40
log-0132          34660  10.00   346.60    267.48     77.17
log-0133          10539  10.00   105.39     93.82     89.02
log103            72985  10.00   729.85    396.93     54.39
log104            59770  10.00   597.70    398.14     66.61
log106            19535  10.00   195.35    154.25     78.96
log107            25307  10.00   253.07    167.39     66.14
log109            21587  10.00   215.87    181.66     84.15
log110            21450  10.00   214.50    171.49     79.95
log112            63277  10.00   632.77    329.94     52.14

Error stats on boring_mask (centered): travel/mag_model vs travel
log               t   rmse  bin_rmse    mae     me  rms_trav
--------------  ---  -----  --------  -----  -----  --------
log-0046        375   4.70      6.52   3.00  -0.00     20.24
log-0048        335   5.10      5.50   3.12   0.00     22.24
log-0049        176   5.07      5.87   3.28   0.00     21.94
log-0054        671   5.64      6.72   3.74   0.00     17.53
log-0055        226   6.58      6.65   4.57  -0.00     23.17
log-0056        273   6.53      7.27   3.89   0.00     22.16
log-0058        387   5.65      6.66   3.37  -0.00     23.06
log-0063        103   4.60      4.99   3.31   0.00     26.03
log-0071_183    416   4.63      5.40   2.60  -0.00     21.40
log-0072_184    327   5.15      5.92   3.04   0.00     20.85
log-0073_185    287   6.17      6.84   4.71   0.00     19.29
log-0078-valid  132  11.27      9.53   8.77   0.00     28.39
log-0079        241  12.71     11.05   9.71  -0.00     25.62
log-0080-valid  326  17.64     16.01  14.30  -0.00     28.92
log-0081        735  17.59     15.10  15.24   0.00     20.92
log-0098        224  14.42     12.24  11.52  -0.00     26.51
log-0099        634  17.73     14.13  15.55   0.00     19.90
log-0113        236   7.51      9.24   5.21   0.00     29.28
log-0115        171   8.12      9.14   5.85  -0.00     26.42
log-0116        180   9.33     10.10   6.32   0.00     34.57
log-0117        123   6.34      7.75   4.59  -0.00     28.77
log-0118        110   9.72     10.75   7.55   0.00     40.18
log-0119        139   9.04      9.25   7.07   0.00     39.62
log-0120         49   8.60      8.17   6.48   0.00     37.74
log-0122        320   9.89      9.28   7.64   0.00     35.94
log-0125        189  10.15     10.13   7.53   0.00     36.34
log-0126         54  12.90     12.77   9.99  -0.00     40.37
log-0127        105   9.09      9.08   6.97  -0.00     39.60
log-0129        415  10.87     12.97   7.32  -0.00     34.86
log-0132        267  10.68     10.98   7.86   0.00     36.68
log-0133         93   9.42     10.99   6.53  -0.00     32.73
log103          396   5.92      6.53   4.11   0.00     22.62
log104          398   5.10      6.24   3.43  -0.00     21.56
log106          154   5.19      6.37   3.33  -0.00     22.73
log107          167   4.78      6.00   3.29   0.00     21.70
log109          181   4.57     10.67   2.86   0.00     22.03
log110          171   5.69      6.20   4.01   0.00     21.28
log112          329   6.72      7.67   4.03   0.00     22.95

Median          231.00   7.11      8.62   4.96   0.00     24.39
Mean            266.18   8.44      8.86   6.20   0.00     27.27
Std Dev         159.91   3.75      2.83   3.42   0.00      6.95

Error stats on boring_mask (centered): travel/mag_model/adj vs travel
log               t   rmse  bin_rmse    mae     me  rms_trav
--------------  ---  -----  --------  -----  -----  --------
log-0046        375   4.70      6.52   3.00  -0.00     20.24
log-0048        335   5.10      5.50   3.12   0.00     22.24
log-0049        176   5.07      5.87   3.28   0.00     21.94
log-0054        671   5.64      6.72   3.74   0.00     17.53
log-0055        226   6.58      6.65   4.57  -0.00     23.17
log-0056        273   6.53      7.27   3.89  -0.00     22.16
log-0058        387   5.65      6.66   3.37  -0.00     23.06
log-0063        103   4.60      4.99   3.31   0.00     26.03
log-0071_183    416   4.63      5.40   2.60  -0.00     21.40
log-0072_184    327   5.15      5.92   3.04   0.00     20.85
log-0073_185    287   6.17      6.84   4.71   0.00     19.29
log-0078-valid  132  11.27      9.53   8.77   0.00     28.39
log-0079        241  12.71     11.05   9.71  -0.00     25.62
log-0080-valid  326  17.64     16.01  14.30  -0.00     28.92
log-0081        735  17.59     15.10  15.24   0.00     20.92
log-0098        224  14.42     12.24  11.52   0.00     26.51
log-0099        634  17.73     14.13  15.55   0.00     19.90
log-0113        236   7.51      9.24   5.21   0.00     29.28
log-0115        171   8.12      9.14   5.85  -0.00     26.42
log-0116        180   9.33     10.10   6.32   0.00     34.57
log-0117        123   6.34      7.75   4.59   0.00     28.77
log-0118        110   9.72     10.75   7.55  -0.00     40.18
log-0119        139   9.04      9.25   7.07   0.00     39.62
log-0120         49   8.60      8.17   6.48  -0.00     37.74
log-0122        320   9.89      9.28   7.64  -0.00     35.94
log-0125        189  10.15     10.13   7.53  -0.00     36.34
log-0126         54  12.90     12.77   9.99  -0.00     40.37
log-0127        105   9.09      9.08   6.97  -0.00     39.60
log-0129        415  10.87     12.97   7.32  -0.00     34.86
log-0132        267  10.68     10.98   7.86   0.00     36.68
log-0133         93   9.42     10.99   6.53  -0.00     32.73
log103          396   5.92      6.53   4.11   0.00     22.62
log104          398   5.10      6.24   3.43  -0.00     21.56
log106          154   5.19      6.37   3.33  -0.00     22.73
log107          167   4.78      6.00   3.29   0.00     21.70
log109          181   4.57     10.67   2.86  -0.00     22.03
log110          171   5.69      6.20   4.01  -0.00     21.28
log112          329   6.72      7.67   4.03  -0.00     22.95

Median          231.00   7.11      8.62   4.96  -0.00     24.39
Mean            266.18   8.44      8.86   6.20  -0.00     27.27
Std Dev         159.91   3.75      2.83   3.42   0.00      6.95

Error stats on boring_mask (centered): travel/solved vs travel
log               t   rmse  bin_rmse    mae     me  rms_trav
--------------  ---  -----  --------  -----  -----  --------
log-0046        375   3.34      4.29   2.26  -0.00     20.24
log-0048        335   3.48      3.76   2.35   0.00     22.24
log-0049        176   4.55      5.29   2.81   0.00     21.94
log-0054        671   3.81      4.04   2.89  -0.00     17.53
log-0055        226   5.31      5.34   3.68  -0.00     23.17
log-0056        273   3.62      4.02   2.64  -0.00     22.16
log-0058        387   3.60      3.89   2.68  -0.00     23.06
log-0063        103   4.15      4.59   3.00   0.00     26.03
log-0071_183    416   2.95      3.16   2.13  -0.00     21.40
log-0072_184    327   3.27      3.70   2.33   0.00     20.85
log-0073_185    287   4.89      5.07   3.50   0.00     19.29
log-0078-valid  132  10.95      9.33   8.36   0.00     28.39
log-0079        241  10.49      9.11   7.88  -0.00     25.62
log-0080-valid  326  15.20     13.67  12.12  -0.00     28.92
log-0081        735  16.46     13.77  13.89   0.00     20.92
log-0098        224  11.90      9.89   9.16  -0.00     26.51
log-0099        634  15.96     12.47  13.65   0.00     19.90
log-0113        236   7.43      9.39   5.44   0.00     29.28
log-0115        171   7.68      9.50   5.48  -0.00     26.42
log-0116        180   8.70      9.61   6.53   0.00     34.57
log-0117        123   6.16      7.45   4.59   0.00     28.77
log-0118        110  10.49     11.69   8.19  -0.00     40.18
log-0119        139  11.39     12.01   8.97   0.00     39.62
log-0120         49   8.29      8.40   6.27   0.00     37.74
log-0122        320   9.48      9.51   7.23   0.00     35.94
log-0125        189   9.20      9.17   7.03   0.00     36.34
log-0126         54  13.38     13.79  10.75  -0.00     40.37
log-0127        105   9.34      9.44   7.03  -0.00     39.60
log-0129        415   8.07      8.82   6.23  -0.00     34.86
log-0132        267   9.75     10.32   7.26   0.00     36.68
log-0133         93   7.42      8.11   5.60   0.00     32.73
log103          396   4.59      4.98   3.09   0.00     22.62
log104          398   3.55      4.33   2.39  -0.00     21.56
log106          154   2.94      3.43   1.94   0.00     22.73
log107          167   3.28      4.00   2.16   0.00     21.70
log109          181   3.16      4.74   2.31   0.00     22.03
log110          171   3.86      4.23   2.59  -0.00     21.28
log112          329   4.56      5.14   3.20  -0.00     22.95

Median          231.00   6.79      7.78   5.02   0.00     24.39
Mean            266.18   7.28      7.46   5.52   0.00     27.27
Std Dev         159.91   3.90      3.29   3.31   0.00      6.95
