Experiment: front_default_new_offset
ID: 20260915T005643Z-front-default-new-offset
Created: 2026-09-14T17:56:43-07:00
Group: front-default
Tags: none
Pipeline code: 21f2fbe5b540
Experiment fingerprint: bcea0c858d93a52e1930de3493ea8a52630cc93ee8634705df5aada1da95a713
Notes: (none)

======================== UNCENTERED ERRORS ========================

Cache duration summary
log                    samples  dt_ms  total_s  active_s  active_%
---------------------  -------  -----  -------  --------  --------
log-0046                 61344  10.00   613.44    375.87     61.27
log-0048                108107  10.00  1081.07    335.36     31.02
log-0049                 44189  10.00   441.89    176.84     40.02
log-0054                111816  10.00  1118.16    671.94     60.09
log-0055                 43808  10.00   438.08    226.51     51.71
log-0056                 61448  10.00   614.48    273.25     44.47
log-0058                 44381  10.00   443.81    387.07     87.22
log-0063                 40781  10.00   407.81    103.45     25.37
log-0071_183             65908  10.00   659.08    416.91     63.26
log-0072_184             58385  10.00   583.85    327.72     56.13
log-0073_185             39115  10.00   391.15    287.27     73.44
log-0078-valid           22949  10.00   229.49    132.60     57.78
log-0079                 46824  10.00   468.24    241.21     51.51
log-0080-valid           64718  10.00   647.18    326.94     50.52
log-0081                113665  10.00  1136.65    735.77     64.73
log-0098                 36717  10.00   367.17    224.20     61.06
log-0099                 65579  10.00   655.79    634.18     96.70
log-0113                 29498  10.00   294.98    232.32     78.76
log-0115                 18835  10.00   188.35    171.25     90.92
log-0116                 27283  10.00   272.83    175.56     64.35
log-0117                 14148  10.00   141.48    122.94     86.90
log-0118                 16328  10.00   163.28    110.35     67.58
log-0119                 19584  10.00   195.84    138.57     70.76
log-0120                  6011  10.00    60.11     49.73     82.73
log-0122                 43803  10.00   438.03    317.67     72.52
log-0125                 24913  10.00   249.13    187.66     75.33
log-0126                 14241  10.00   142.41     51.65     36.27
log-0127                 26922  10.00   269.22    102.97     38.25
log-0129                 77819  10.00   778.19    409.22     52.59
log-0132                 34660  10.00   346.60    265.44     76.58
log-0133                 10539  10.00   105.39     93.85     89.05
log-0145-filtered-c01    39029  10.00   390.29    348.37     89.26
log-0147-filtered-c01    20838  10.00   208.38     82.04     39.37
log-0147-filtered-c02    38239  10.00   382.39    319.86     83.65
log-0151-filtered-c01     9991  10.00    99.91     86.53     86.61
log-0152-filtered-c01    16176  10.00   161.76    150.16     92.83
log-0152-filtered-c02    10216  10.00   102.16     92.57     90.61
log-0155-filtered-c01    14580  10.00   145.80    133.28     91.41
log103                   72985  10.00   729.85    396.93     54.39
log104                   59770  10.00   597.70    398.14     66.61
log106                   19535  10.00   195.35    154.25     78.96
log107                   25307  10.00   253.07    167.39     66.14
log109                   21587  10.00   215.87    181.66     84.15
log110                   21450  10.00   214.50    171.49     79.95
log112                   63277  10.00   632.77    329.94     52.14

Error stats on active_mask (raw): travel/mag_model vs travel
log                      t   rmse  bin_rmse    mae      me  rms_trav
---------------------  ---  -----  --------  -----  ------  --------
log-0046               375  16.84     18.69  16.45  -16.45     20.24
log-0048               335   4.48      5.86   3.46   -2.35     22.24
log-0049               176  21.05     21.78  20.79  -20.79     21.94
log-0054               671   6.61      7.50   5.46   -5.37     17.53
log-0055               226   4.34      4.47   2.89   -0.54     23.17
log-0056               273   7.06      7.00   6.27    5.96     22.16
log-0058               387   4.30      4.72   2.88    1.48     23.06
log-0063               103  18.39     19.08  17.99  -17.99     26.03
log-0071_183           416   6.00      6.20   5.48    5.22     21.40
log-0072_184           327   6.13      7.02   4.75   -4.50     20.85
log-0073_185           287  20.96     21.98  20.55  -20.55     19.29
log-0078-valid         132   9.83      9.50   8.22    4.54     28.39
log-0079               241  36.85     37.58  36.24  -36.24     25.62
log-0080-valid         326  41.07     40.33  40.25   39.62     28.92
log-0081               735  17.89     16.04  12.40  -12.08     20.92
log-0098               224  10.08      9.37   7.24    1.32     26.51
log-0099               634  26.53     25.98  23.21  -23.20     19.90
log-0113               232  10.92     13.20   8.90   -8.30     26.38
log-0115               171  25.17     28.74  24.13  -24.13     23.59
log-0116               175   8.74      9.21   5.67   -4.58     30.73
log-0117               122   6.54      8.02   4.46   -3.97     25.84
log-0118               110  15.02     15.95  13.64  -13.50     36.36
log-0119               138   6.76      6.81   5.11    0.77     35.50
log-0120                49  20.05     20.59  18.70  -18.67     33.89
log-0122               317  23.32     24.45  20.80  -20.80     32.11
log-0125               187  29.97     31.11  28.87  -28.87     32.71
log-0126                51  26.95     28.56  25.97  -25.97     36.27
log-0127               102  10.06      9.54   8.13    6.41     35.12
log-0129               409  27.87     27.39  27.18   26.42     31.63
log-0132               265  19.53     20.41  16.16  -16.14     33.12
log-0133                93  13.16     14.54  11.49  -11.37     29.55
log-0145-filtered-c01  348   9.87      8.03   5.76   -4.33     17.98
log-0147-filtered-c01   82  35.31     35.54  34.85  -34.82     16.36
log-0147-filtered-c02  319  29.11     35.31  27.65   25.95     17.46
log-0151-filtered-c01   86  11.34     10.26   6.85   -6.00     19.71
log-0152-filtered-c01  150  21.97     24.60  21.49  -21.45     18.31
log-0152-filtered-c02   92  33.18     32.32  32.68  -32.65     14.17
log-0155-filtered-c01  133  36.45     38.04  36.10  -36.10     26.67
log103                 396  33.11     32.71  32.44  -32.37     22.62
log104                 398  32.07     32.65  31.43  -31.24     21.56
log106                 154  17.65     18.19  17.20  -17.18     22.73
log107                 167  19.64     19.36  19.27  -19.26     21.70
log109                 181  24.13     23.62  23.72  -23.72     22.03
log110                 171  23.53     23.78  22.91  -22.91     21.28
log112                 329  18.38     18.99  17.67  -17.41     22.95

Median                 224.00  18.39     19.08  17.67  -16.14     22.95
Mean                   251.00  18.85     19.44  17.42  -11.51     24.81
Std Dev                156.41  10.20     10.44  10.65   16.55      5.78

Error stats on active_mask (raw): travel/mag_model/adj vs travel
log                      t   rmse  bin_rmse    mae      me  rms_trav
---------------------  ---  -----  --------  -----  ------  --------
log-0046               375  16.84     18.69  16.45  -16.45     20.24
log-0048               335   4.48      5.86   3.46   -2.35     22.24
log-0049               176  21.05     21.78  20.79  -20.79     21.94
log-0054               671   6.61      7.50   5.46   -5.37     17.53
log-0055               226   4.34      4.47   2.89   -0.54     23.17
log-0056               273   7.06      7.00   6.27    5.96     22.16
log-0058               387   4.30      4.72   2.88    1.48     23.06
log-0063               103  18.39     19.08  17.99  -17.99     26.03
log-0071_183           416   6.00      6.20   5.48    5.22     21.40
log-0072_184           327   6.13      7.02   4.75   -4.50     20.85
log-0073_185           287  20.96     21.98  20.55  -20.55     19.29
log-0078-valid         132   9.83      9.50   8.22    4.54     28.39
log-0079               241  36.85     37.58  36.24  -36.24     25.62
log-0080-valid         326  41.07     40.33  40.25   39.62     28.92
log-0081               735  17.89     16.04  12.40  -12.08     20.92
log-0098               224  10.08      9.37   7.24    1.32     26.51
log-0099               634  26.53     25.98  23.21  -23.20     19.90
log-0113               232  10.92     13.20   8.90   -8.30     26.38
log-0115               171  25.17     28.74  24.13  -24.13     23.59
log-0116               175   8.74      9.21   5.67   -4.58     30.73
log-0117               122   6.54      8.02   4.46   -3.97     25.84
log-0118               110  15.02     15.95  13.64  -13.50     36.36
log-0119               138   6.76      6.81   5.11    0.77     35.50
log-0120                49  20.05     20.59  18.70  -18.67     33.89
log-0122               317  23.32     24.45  20.80  -20.80     32.11
log-0125               187  29.97     31.11  28.87  -28.87     32.71
log-0126                51  26.95     28.56  25.97  -25.97     36.27
log-0127               102  10.06      9.54   8.13    6.41     35.12
log-0129               409  27.87     27.39  27.18   26.42     31.63
log-0132               265  19.53     20.41  16.16  -16.14     33.12
log-0133                93  13.16     14.54  11.49  -11.37     29.55
log-0145-filtered-c01  348   9.87      8.03   5.76   -4.33     17.98
log-0147-filtered-c01   82  35.31     35.54  34.85  -34.82     16.36
log-0147-filtered-c02  319  29.11     35.31  27.65   25.95     17.46
log-0151-filtered-c01   86  11.34     10.26   6.85   -6.00     19.71
log-0152-filtered-c01  150  21.97     24.60  21.49  -21.45     18.31
log-0152-filtered-c02   92  33.18     32.32  32.68  -32.65     14.17
log-0155-filtered-c01  133  36.45     38.04  36.10  -36.10     26.67
log103                 396  33.11     32.71  32.44  -32.37     22.62
log104                 398  32.07     32.65  31.43  -31.24     21.56
log106                 154  17.65     18.19  17.20  -17.18     22.73
log107                 167  19.64     19.36  19.27  -19.26     21.70
log109                 181  24.13     23.62  23.72  -23.72     22.03
log110                 171  23.53     23.78  22.91  -22.91     21.28
log112                 329  18.38     18.99  17.67  -17.41     22.95

Median                 224.00  18.39     19.08  17.67  -16.14     22.95
Mean                   251.00  18.85     19.44  17.42  -11.51     24.81
Std Dev                156.41  10.20     10.44  10.65   16.55      5.78

Error stats on active_mask (raw): travel/solved vs travel
log                      t   rmse  bin_rmse    mae      me  rms_trav
---------------------  ---  -----  --------  -----  ------  --------
log-0046               375   3.74      4.67   2.95   -2.09     20.24
log-0048               335   3.23      3.93   2.35    0.91     22.24
log-0049               176  22.62     22.67  22.15  -22.14     21.94
log-0054               671   2.69      3.08   2.11   -1.12     17.53
log-0055               226   2.87      3.00   2.20   -0.44     23.17
log-0056               273   4.18      4.21   3.30    2.94     22.16
log-0058               387   3.05      3.30   2.25    0.48     23.06
log-0063               103   8.19      8.70   7.27   -6.97     26.03
log-0071_183           416   6.21      6.08   5.78   -5.66     21.40
log-0072_184           327   3.88      3.93   3.02    2.60     20.85
log-0073_185           287   5.01      5.46   4.45   -4.08     19.29
log-0078-valid         132   6.52      6.37   4.95   -3.61     28.39
log-0079               241   8.54      8.14   6.78    4.93     25.62
log-0080-valid         326   5.41      5.52   4.20   -0.25     28.92
log-0081               735   9.87      9.37   8.51    3.84     20.92
log-0098               224   5.57      5.63   4.21    0.84     26.51
log-0099               634   8.89      8.08   7.41    3.10     19.90
log-0113               232  11.77     12.98  11.01  -10.90     26.38
log-0115               171  16.65     19.13  15.91  -15.84     23.59
log-0116               175  10.33     10.10   9.23    8.87     30.73
log-0117               122  13.66     14.45  13.13  -13.03     25.84
log-0118               110   8.51      9.14   6.98   -4.82     36.36
log-0119               138   7.04      7.75   5.63   -2.84     35.50
log-0120                49   8.00      8.24   6.68   -5.60     33.89
log-0122               317  17.33     18.40  16.30  -16.17     32.11
log-0125               187  20.70     21.97  19.45  -19.33     32.71
log-0126                51  55.64     53.47  54.53   54.46     36.27
log-0127               102  10.95     12.27   9.50   -8.91     35.12
log-0129               409   9.17      9.50   7.97   -7.70     31.63
log-0132               265  13.90     13.77  12.70  -12.53     33.12
log-0133                93  10.43     10.14   9.20    8.84     29.55
log-0145-filtered-c01  348   4.33      4.18   3.40    0.28     17.98
log-0147-filtered-c01   82  14.50     14.73  13.50  -13.14     16.36
log-0147-filtered-c02  319  19.96     25.73  18.82   18.76     17.46
log-0151-filtered-c01   86   8.25      7.77   6.89   -6.10     19.71
log-0152-filtered-c01  150   8.29     11.26   7.32   -6.90     18.31
log-0152-filtered-c02   92  10.51      9.72   9.24   -8.89     14.17
log-0155-filtered-c01  133  14.75     16.48  13.81  -13.38     26.67
log103                 396  11.49     12.52  10.62   -9.52     22.62
log104                 398   6.36      8.41   4.05    0.08     21.56
log106                 154   3.66      4.26   2.74   -1.23     22.73
log107                 167   3.21      3.97   2.19   -0.21     21.70
log109                 181   7.64      7.49   6.98   -6.77     22.03
log110                 171   4.90      5.50   3.92   -2.98     21.28
log112                 329   9.41     10.45   8.62   -7.87     22.95

Median                 224.00   8.29      8.41   6.98   -3.61     22.95
Mean                   251.00  10.04     10.58   8.98   -2.89     24.81
Std Dev                156.41   8.47      8.46   8.47   11.57      5.78

Error stats on active_mask (raw): travel/solved/mag_nuisance/delta_lifted vs travel
log                      t   rmse  bin_rmse    mae      me  rms_trav
---------------------  ---  -----  --------  -----  ------  --------
log-0046               375  15.64     16.24  15.34  -15.34     20.24
log-0048               335   3.65      5.29   2.89   -1.93     22.24
log-0049               176  18.96     19.23  18.63  -18.62     21.94
log-0054               671   5.27      5.74   4.67   -4.62     17.53
log-0055               226   2.82      2.89   2.17    0.28     23.17
log-0056               273   6.96      6.77   6.34    6.24     22.16
log-0058               387   3.65      3.61   2.80    1.86     23.06
log-0063               103  16.39     16.68  15.67  -15.67     26.03
log-0071_183           416   5.93      6.13   5.47    5.26     21.40
log-0072_184           327   4.47      5.00   3.78   -3.45     20.85
log-0073_185           287  18.68     18.81  18.35  -18.35     19.29
log-0078-valid         132   7.46      7.74   6.29    4.64     28.39
log-0079               241  32.75     34.46  31.84  -31.83     25.62
log-0080-valid         326  40.21     39.72  39.73   39.69     28.92
log-0081               735  13.29     11.76  10.28  -10.07     20.92
log-0098               224   6.06      5.88   4.65    1.76     26.51
log-0099               634  21.79     22.07  20.40  -20.39     19.90
log-0113               232   8.28      9.55   7.39   -7.09     26.38
log-0115               171  22.16     24.41  21.51  -21.49     23.59
log-0116               175   6.00      6.20   4.53   -3.33     30.73
log-0117               122   4.88      5.79   3.78   -2.98     25.84
log-0118               110  14.23     14.83  13.05  -12.59     36.36
log-0119               138   6.10      6.28   4.83    1.29     35.50
log-0120                49  16.19     16.31  15.16  -15.10     33.89
log-0122               317  17.07     18.08  16.05  -15.99     32.11
log-0125               187  25.68     26.85  24.57  -24.56     32.71
log-0126                51  24.63     26.44  23.20  -23.17     36.27
log-0127               102   9.24      8.68   7.72    6.85     35.12
log-0129               409  27.52     26.95  26.93   26.87     31.63
log-0132               265  13.45     13.40  12.16  -12.07     33.12
log-0133                93  11.58     12.40  10.44  -10.34     29.55
log-0145-filtered-c01  348   5.10      4.47   3.45   -1.82     17.98
log-0147-filtered-c01   82  28.70     30.81  27.66  -27.50     16.36
log-0147-filtered-c02  319  28.67     34.52  27.61   27.53     17.46
log-0151-filtered-c01   86   7.06      7.50   4.82   -3.50     19.71
log-0152-filtered-c01  150  20.26     23.46  19.61  -19.52     18.31
log-0152-filtered-c02   92  26.24     27.51  25.51  -25.40     14.17
log-0155-filtered-c01  133  32.14     35.87  31.23  -31.16     26.67
log103                 396  30.43     30.98  29.67  -29.66     22.62
log104                 398  28.89     30.94  28.26  -28.22     21.56
log106                 154  16.04     16.01  15.56  -15.56     22.73
log107                 167  18.19     17.40  17.80  -17.80     21.70
log109                 181  22.18     21.32  21.79  -21.79     22.03
log110                 171  21.52     21.33  21.16  -21.16     21.28
log112                 329  17.38     18.30  16.65  -16.58     22.95

Median                 224.00  16.19     16.31  15.56  -12.59     22.95
Mean                   251.00  16.31     16.99  15.37   -9.47     24.81
Std Dev                156.41   9.60     10.16   9.74   15.39      5.78

Error stats on active_mask (raw): travel/mag_nuisance/corrected vs travel
log                      t   rmse  bin_rmse    mae      me  rms_trav
---------------------  ---  -----  --------  -----  ------  --------
log-0046               375  16.00     17.36  15.68  -15.68     20.24
log-0048               335   3.83      5.32   2.95   -2.02     22.24
log-0049               176  19.65     20.28  19.35  -19.35     21.94
log-0054               671   5.69      6.44   4.88   -4.84     17.53
log-0055               226   3.33      3.45   2.29    0.03     23.17
log-0056               273   6.87      6.65   6.32    6.13     22.16
log-0058               387   3.72      3.84   2.77    1.73     23.06
log-0063               103  17.07     17.65  16.43  -16.43     26.03
log-0071_183           416   5.83      5.98   5.43    5.19     21.40
log-0072_184           327   4.95      5.61   4.03   -3.78     20.85
log-0073_185           287  19.65     20.55  19.33  -19.33     19.29
log-0078-valid         132   7.76      8.02   6.38    4.39     28.39
log-0079               241  34.24     36.09  33.56  -33.56     25.62
log-0080-valid         326  40.25     39.80  39.84   39.55     28.92
log-0081               735  15.29     14.20  11.15  -10.99     20.92
log-0098               224   7.14      7.25   4.79    1.42     26.51
log-0099               634  23.83     24.51  21.73  -21.73     19.90
log-0113               232   9.41     11.45   7.90   -7.64     26.38
log-0115               171  23.27     26.63  22.53  -22.53     23.59
log-0116               175   6.68      7.09   4.68   -3.73     30.73
log-0117               122   5.51      6.69   3.92   -3.27     25.84
log-0118               110  14.56     15.35  13.41  -12.97     36.36
log-0119               138   5.93      5.98   4.66    1.07     35.50
log-0120                49  17.53     18.02  16.43  -16.40     33.89
log-0122               317  19.76     21.18  18.01  -18.00     32.11
log-0125               187  27.58     29.11  26.54  -26.54     32.71
log-0126                51  25.50     27.36  24.31  -24.31     36.27
log-0127               102   9.34      8.76   7.74    6.70     35.12
log-0129               409  27.52     26.95  26.96   26.71     31.63
log-0132               265  16.36     17.28  13.95  -13.93     33.12
log-0133                93  12.11     13.32  10.79  -10.70     29.55
log-0145-filtered-c01  348   7.77      6.41   4.67   -3.23     17.98
log-0147-filtered-c01   82  35.31     35.54  34.85  -34.82     16.36
log-0147-filtered-c02  319  29.16     35.34  27.88   26.73     17.46
log-0151-filtered-c01   86   9.46      9.05   5.51   -4.60     19.71
log-0152-filtered-c01  150  21.91     24.57  21.44  -21.39     18.31
log-0152-filtered-c02   92  33.18     32.32  32.68  -32.65     14.17
log-0155-filtered-c01  133  36.45     38.04  36.10  -36.10     26.67
log103                 396  30.80     31.62  30.05  -30.05     22.62
log104                 398  29.35     31.51  28.65  -28.63     21.56
log106                 154  16.59     16.97  16.16  -16.16     22.73
log107                 167  18.70     18.36  18.36  -18.36     21.70
log109                 181  22.79     22.56  22.44  -22.44     22.03
log110                 171  22.17     22.55  21.73  -21.73     21.28
log112                 329  17.41     18.42  16.66  -16.59     22.95

Median                 224.00  17.07     17.65  16.43  -13.93     22.95
Mean                   251.00  17.49     18.25  16.35  -10.55     24.81
Std Dev                156.41  10.17     10.57  10.52   16.15      5.78


======================== CENTERED ERRORS ========================

Cache duration summary
log                    samples  dt_ms  total_s  active_s  active_%
---------------------  -------  -----  -------  --------  --------
log-0046                 61344  10.00   613.44    375.87     61.27
log-0048                108107  10.00  1081.07    335.36     31.02
log-0049                 44189  10.00   441.89    176.84     40.02
log-0054                111816  10.00  1118.16    671.94     60.09
log-0055                 43808  10.00   438.08    226.51     51.71
log-0056                 61448  10.00   614.48    273.25     44.47
log-0058                 44381  10.00   443.81    387.07     87.22
log-0063                 40781  10.00   407.81    103.45     25.37
log-0071_183             65908  10.00   659.08    416.91     63.26
log-0072_184             58385  10.00   583.85    327.72     56.13
log-0073_185             39115  10.00   391.15    287.27     73.44
log-0078-valid           22949  10.00   229.49    132.60     57.78
log-0079                 46824  10.00   468.24    241.21     51.51
log-0080-valid           64718  10.00   647.18    326.94     50.52
log-0081                113665  10.00  1136.65    735.77     64.73
log-0098                 36717  10.00   367.17    224.20     61.06
log-0099                 65579  10.00   655.79    634.18     96.70
log-0113                 29498  10.00   294.98    232.32     78.76
log-0115                 18835  10.00   188.35    171.25     90.92
log-0116                 27283  10.00   272.83    175.56     64.35
log-0117                 14148  10.00   141.48    122.94     86.90
log-0118                 16328  10.00   163.28    110.35     67.58
log-0119                 19584  10.00   195.84    138.57     70.76
log-0120                  6011  10.00    60.11     49.73     82.73
log-0122                 43803  10.00   438.03    317.67     72.52
log-0125                 24913  10.00   249.13    187.66     75.33
log-0126                 14241  10.00   142.41     51.65     36.27
log-0127                 26922  10.00   269.22    102.97     38.25
log-0129                 77819  10.00   778.19    409.22     52.59
log-0132                 34660  10.00   346.60    265.44     76.58
log-0133                 10539  10.00   105.39     93.85     89.05
log-0145-filtered-c01    39029  10.00   390.29    348.37     89.26
log-0147-filtered-c01    20838  10.00   208.38     82.04     39.37
log-0147-filtered-c02    38239  10.00   382.39    319.86     83.65
log-0151-filtered-c01     9991  10.00    99.91     86.53     86.61
log-0152-filtered-c01    16176  10.00   161.76    150.16     92.83
log-0152-filtered-c02    10216  10.00   102.16     92.57     90.61
log-0155-filtered-c01    14580  10.00   145.80    133.28     91.41
log103                   72985  10.00   729.85    396.93     54.39
log104                   59770  10.00   597.70    398.14     66.61
log106                   19535  10.00   195.35    154.25     78.96
log107                   25307  10.00   253.07    167.39     66.14
log109                   21587  10.00   215.87    181.66     84.15
log110                   21450  10.00   214.50    171.49     79.95
log112                   63277  10.00   632.77    329.94     52.14

Error stats on active_mask (centered): travel/mag_model vs travel
log                      t   rmse  bin_rmse    mae     me  rms_trav
---------------------  ---  -----  --------  -----  -----  --------
log-0046               375   3.58      4.93   2.31  -0.00     20.24
log-0048               335   3.81      4.70   2.46   0.00     22.24
log-0049               176   3.32      3.76   2.14   0.00     21.94
log-0054               671   3.85      4.48   2.64  -0.00     17.53
log-0055               226   4.30      4.41   2.87  -0.00     23.17
log-0056               273   3.78      4.16   2.47  -0.00     22.16
log-0058               387   4.03      4.65   2.57   0.00     23.06
log-0063               103   3.81      4.20   2.69   0.00     26.03
log-0071_183           416   2.96      3.27   1.89  -0.00     21.40
log-0072_184           327   4.15      4.73   2.50   0.00     20.85
log-0073_185           287   4.12      5.00   2.74   0.00     19.29
log-0078-valid         132   8.72      8.25   6.38   0.00     28.39
log-0079               241   6.66      5.93   5.11  -0.00     25.62
log-0080-valid         326  10.80     10.93   6.76   0.00     28.92
log-0081               735  13.20     11.70  10.27   0.00     20.92
log-0098               224   9.99      9.43   6.88   0.00     26.51
log-0099               634  12.86     10.75  10.53  -0.00     19.90
log-0113               232   7.09      8.38   4.74  -0.00     26.38
log-0115               171   7.17      8.06   5.14   0.00     23.59
log-0116               175   7.45      7.67   4.99   0.00     30.73
log-0117               122   5.20      6.03   3.32  -0.00     25.84
log-0118               110   6.60      7.09   5.15   0.00     36.36
log-0119               138   6.71      6.87   5.10   0.00     35.50
log-0120                49   7.32      7.52   5.33   0.00     33.89
log-0122               317  10.55     10.28   7.94  -0.00     32.11
log-0125               187   8.05      7.64   6.06  -0.00     32.71
log-0126                51   7.20      7.46   5.91   0.00     36.27
log-0127               102   7.76      8.07   5.44   0.00     35.12
log-0129               409   8.87      9.98   5.32  -0.00     31.63
log-0132               265  10.99     11.31   8.19  -0.00     33.12
log-0133                93   6.64      7.46   4.70  -0.00     29.55
log-0145-filtered-c01  348   8.87      7.86   6.49  -0.00     17.98
log-0147-filtered-c01   82   5.89      5.18   4.64   0.00     16.36
log-0147-filtered-c02  319  13.19     15.71   7.43   0.00     17.46
log-0151-filtered-c01   86   9.62     11.02   5.75   0.00     19.71
log-0152-filtered-c01  150   4.76      5.65   3.39  -0.00     18.31
log-0152-filtered-c02   92   5.89      5.32   4.85  -0.00     14.17
log-0155-filtered-c01  133   5.02      5.06   4.06   0.00     26.67
log103                 396   6.96      7.80   4.17   0.00     22.62
log104                 398   7.27      8.83   3.95  -0.00     21.56
log106                 154   4.06      4.89   2.46  -0.00     22.73
log107                 167   3.82      4.97   2.36   0.00     21.70
log109                 181   4.48      6.64   2.92   0.00     22.03
log110                 171   5.40      6.28   3.38  -0.00     21.28
log112                 329   5.90      6.90   3.84   0.00     22.95

Median                 224.00   6.64      6.90   4.70   0.00     22.95
Mean                   251.00   6.73      7.14   4.67   0.00     24.81
Std Dev                156.41   2.74      2.58   2.07   0.00      5.78

Error stats on active_mask (centered): travel/mag_model/adj vs travel
log                      t   rmse  bin_rmse    mae     me  rms_trav
---------------------  ---  -----  --------  -----  -----  --------
log-0046               375   3.58      4.93   2.31  -0.00     20.24
log-0048               335   3.81      4.70   2.46   0.00     22.24
log-0049               176   3.32      3.76   2.14   0.00     21.94
log-0054               671   3.85      4.48   2.64  -0.00     17.53
log-0055               226   4.30      4.41   2.87  -0.00     23.17
log-0056               273   3.78      4.16   2.47  -0.00     22.16
log-0058               387   4.03      4.65   2.57   0.00     23.06
log-0063               103   3.81      4.20   2.69   0.00     26.03
log-0071_183           416   2.96      3.27   1.89  -0.00     21.40
log-0072_184           327   4.15      4.73   2.50   0.00     20.85
log-0073_185           287   4.12      5.00   2.74   0.00     19.29
log-0078-valid         132   8.72      8.25   6.38   0.00     28.39
log-0079               241   6.66      5.93   5.11  -0.00     25.62
log-0080-valid         326  10.80     10.93   6.76   0.00     28.92
log-0081               735  13.20     11.70  10.27   0.00     20.92
log-0098               224   9.99      9.43   6.88   0.00     26.51
log-0099               634  12.86     10.75  10.53  -0.00     19.90
log-0113               232   7.09      8.38   4.74  -0.00     26.38
log-0115               171   7.17      8.06   5.14   0.00     23.59
log-0116               175   7.45      7.67   4.99   0.00     30.73
log-0117               122   5.20      6.03   3.32  -0.00     25.84
log-0118               110   6.60      7.09   5.15   0.00     36.36
log-0119               138   6.71      6.87   5.10   0.00     35.50
log-0120                49   7.32      7.52   5.33   0.00     33.89
log-0122               317  10.55     10.28   7.94  -0.00     32.11
log-0125               187   8.05      7.64   6.06  -0.00     32.71
log-0126                51   7.20      7.46   5.91   0.00     36.27
log-0127               102   7.76      8.07   5.44   0.00     35.12
log-0129               409   8.87      9.98   5.32  -0.00     31.63
log-0132               265  10.99     11.31   8.19  -0.00     33.12
log-0133                93   6.64      7.46   4.70  -0.00     29.55
log-0145-filtered-c01  348   8.87      7.86   6.49  -0.00     17.98
log-0147-filtered-c01   82   5.89      5.18   4.64   0.00     16.36
log-0147-filtered-c02  319  13.19     15.71   7.43   0.00     17.46
log-0151-filtered-c01   86   9.62     11.02   5.75   0.00     19.71
log-0152-filtered-c01  150   4.76      5.65   3.39  -0.00     18.31
log-0152-filtered-c02   92   5.89      5.32   4.85  -0.00     14.17
log-0155-filtered-c01  133   5.02      5.06   4.06   0.00     26.67
log103                 396   6.96      7.80   4.17   0.00     22.62
log104                 398   7.27      8.83   3.95  -0.00     21.56
log106                 154   4.06      4.89   2.46  -0.00     22.73
log107                 167   3.82      4.97   2.36   0.00     21.70
log109                 181   4.48      6.64   2.92   0.00     22.03
log110                 171   5.40      6.28   3.38  -0.00     21.28
log112                 329   5.90      6.90   3.84   0.00     22.95

Median                 224.00   6.64      6.90   4.70   0.00     22.95
Mean                   251.00   6.73      7.14   4.67   0.00     24.81
Std Dev                156.41   2.74      2.58   2.07   0.00      5.78

Error stats on active_mask (centered): travel/solved vs travel
log                      t   rmse  bin_rmse   mae     me  rms_trav
---------------------  ---  -----  --------  ----  -----  --------
log-0046               375   3.11      3.92  2.30  -0.00     20.24
log-0048               335   3.10      4.17  2.31   0.00     22.24
log-0049               176   4.62      5.32  3.13  -0.00     21.94
log-0054               671   2.44      2.71  1.89   0.00     17.53
log-0055               226   2.84      2.94  2.15  -0.00     23.17
log-0056               273   2.97      3.31  2.22  -0.00     22.16
log-0058               387   3.01      3.32  2.24  -0.00     23.06
log-0063               103   4.31      4.74  3.53   0.00     26.03
log-0071_183           416   2.56      2.75  1.83  -0.00     21.40
log-0072_184           327   2.87      3.23  2.08   0.00     20.85
log-0073_185           287   2.90      3.36  1.96   0.00     19.29
log-0078-valid         132   5.43      5.51  4.23  -0.00     28.39
log-0079               241   6.97      7.66  5.21  -0.00     25.62
log-0080-valid         326   5.41      5.49  4.22  -0.00     28.92
log-0081               735   9.10      8.07  7.19   0.00     20.92
log-0098               224   5.51      5.70  4.10  -0.00     26.51
log-0099               634   8.33      7.81  6.62   0.00     19.90
log-0113               232   4.43      5.03  3.46  -0.00     26.38
log-0115               171   5.13      7.42  3.79   0.00     23.59
log-0116               175   5.29      5.28  3.91   0.00     30.73
log-0117               122   4.12      4.93  2.98  -0.00     25.84
log-0118               110   7.02      7.59  5.28  -0.00     36.36
log-0119               138   6.44      6.85  5.03   0.00     35.50
log-0120                49   5.71      5.90  4.25   0.00     33.89
log-0122               317   6.21      6.65  4.82  -0.00     32.11
log-0125               187   7.39      8.02  5.95  -0.00     32.71
log-0126                51  11.39     11.84  8.01   0.00     36.27
log-0127               102   6.37      7.00  4.94   0.00     35.12
log-0129               409   4.97      5.01  3.91  -0.00     31.63
log-0132               265   6.02      5.72  4.59  -0.00     33.12
log-0133                93   5.54      6.09  4.19  -0.00     29.55
log-0145-filtered-c01  348   4.32      4.12  3.34  -0.00     17.98
log-0147-filtered-c01   82   6.12      5.57  4.65   0.00     16.36
log-0147-filtered-c02  319   6.80     10.77  4.85   0.00     17.46
log-0151-filtered-c01   86   5.55      7.44  3.08   0.00     19.71
log-0152-filtered-c01  150   4.59      6.20  3.38  -0.00     18.31
log-0152-filtered-c02   92   5.61      5.07  4.59  -0.00     14.17
log-0155-filtered-c01  133   6.20      6.23  4.48   0.00     26.67
log103                 396   6.43      7.26  4.41   0.00     22.62
log104                 398   6.36      8.43  4.06   0.00     21.56
log106                 154   3.45      4.10  2.36  -0.00     22.73
log107                 167   3.21      4.00  2.15   0.00     21.70
log109                 181   3.55      4.82  2.55   0.00     22.03
log110                 171   3.89      4.73  2.49  -0.00     21.28
log112                 329   5.16      6.10  3.70   0.00     22.95

Median                 224.00   5.29      5.51  3.91  -0.00     22.95
Mean                   251.00   5.17      5.74  3.83  -0.00     24.81
Std Dev                156.41   1.84      1.96  1.42   0.00      5.78

Error stats on active_mask (centered): travel/solved/mag_nuisance/delta_lifted vs travel
log                      t  rmse  bin_rmse   mae     me  rms_trav
---------------------  ---  ----  --------  ----  -----  --------
log-0046               375  3.09      3.89  2.24   0.00     20.24
log-0048               335  3.10      4.25  2.28   0.00     22.24
log-0049               176  3.54      3.95  2.46   0.00     21.94
log-0054               671  2.53      2.76  1.94  -0.00     17.53
log-0055               226  2.81      2.90  2.16  -0.00     23.17
log-0056               273  3.09      3.43  2.28  -0.00     22.16
log-0058               387  3.14      3.37  2.31  -0.00     23.06
log-0063               103  4.83      5.43  3.90   0.00     26.03
log-0071_183           416  2.74      3.07  1.87   0.00     21.40
log-0072_184           327  2.85      3.17  2.06   0.00     20.85
log-0073_185           287  3.50      4.11  2.17   0.00     19.29
log-0078-valid         132  5.84      5.94  4.46   0.00     28.39
log-0079               241  7.72      8.86  5.65  -0.00     25.62
log-0080-valid         326  6.43      6.63  4.62  -0.00     28.92
log-0081               735  8.67      7.48  7.00   0.00     20.92
log-0098               224  5.80      5.90  4.25  -0.00     26.51
log-0099               634  7.67      7.09  6.28   0.00     19.90
log-0113               232  4.28      4.56  3.35  -0.00     26.38
log-0115               171  5.40      7.50  3.97   0.00     23.59
log-0116               175  5.00      5.01  3.82   0.00     30.73
log-0117               122  3.86      4.33  2.87   0.00     25.84
log-0118               110  6.64      7.08  5.06   0.00     36.36
log-0119               138  5.96      6.34  4.77   0.00     35.50
log-0120                49  5.85      6.00  4.42   0.00     33.89
log-0122               317  5.95      6.13  4.70  -0.00     32.11
log-0125               187  7.50      8.02  6.04  -0.00     32.71
log-0126                51  8.33      9.06  6.82   0.00     36.27
log-0127               102  6.20      6.69  4.84   0.00     35.12
log-0129               409  5.92      6.23  4.39  -0.00     31.63
log-0132               265  5.93      5.54  4.59  -0.00     33.12
log-0133                93  5.20      5.66  4.05  -0.00     29.55
log-0145-filtered-c01  348  4.76      4.46  3.55   0.00     17.98
log-0147-filtered-c01   82  8.21      8.56  5.80   0.00     16.36
log-0147-filtered-c02  319  8.00     11.73  5.58   0.00     17.46
log-0151-filtered-c01   86  6.14      8.14  3.46  -0.00     19.71
log-0152-filtered-c01  150  5.42      6.92  3.68  -0.00     18.31
log-0152-filtered-c02   92  6.56      6.13  4.53  -0.00     14.17
log-0155-filtered-c01  133  7.90      8.89  5.42   0.00     26.67
log103                 396  6.78      7.64  4.62   0.00     22.62
log104                 398  6.17      8.30  3.95  -0.00     21.56
log106                 154  3.88      4.70  2.59   0.00     22.73
log107                 167  3.77      4.68  2.44   0.00     21.70
log109                 181  4.13      5.51  2.81   0.00     22.03
log110                 171  3.90      4.75  2.48  -0.00     21.28
log112                 329  5.21      6.21  3.69   0.00     22.95

Median                 224.00  5.42      5.94  3.95   0.00     22.95
Mean                   251.00  5.34      5.93  3.92   0.00     24.81
Std Dev                156.41  1.73      1.94  1.38   0.00      5.78

Error stats on active_mask (centered): travel/mag_nuisance/corrected vs travel
log                      t   rmse  bin_rmse   mae     me  rms_trav
---------------------  ---  -----  --------  ----  -----  --------
log-0046               375   3.17      4.13  2.27  -0.00     20.24
log-0048               335   3.25      4.22  2.32   0.00     22.24
log-0049               176   3.40      3.76  2.37   0.00     21.94
log-0054               671   2.98      3.48  2.03  -0.00     17.53
log-0055               226   3.33      3.45  2.29  -0.00     23.17
log-0056               273   3.11      3.45  2.20  -0.00     22.16
log-0058               387   3.30      3.75  2.28   0.00     23.06
log-0063               103   4.62      5.11  3.69   0.00     26.03
log-0071_183           416   2.66      2.95  1.77  -0.00     21.40
log-0072_184           327   3.20      3.58  2.13   0.00     20.85
log-0073_185           287   3.52      4.27  2.21  -0.00     19.29
log-0078-valid         132   6.39      6.47  4.54   0.00     28.39
log-0079               241   6.83      7.17  5.08  -0.00     25.62
log-0080-valid         326   7.49      7.82  4.64   0.00     28.92
log-0081               735  10.63      9.95  7.96   0.00     20.92
log-0098               224   6.99      7.31  4.40   0.00     26.51
log-0099               634   9.79      9.25  7.39   0.00     19.90
log-0113               232   5.49      6.44  3.71  -0.00     26.38
log-0115               171   5.82      7.63  4.09   0.00     23.59
log-0116               175   5.55      5.71  3.93   0.00     30.73
log-0117               122   4.44      5.08  2.97   0.00     25.84
log-0118               110   6.62      7.09  5.01   0.00     36.36
log-0119               138   5.83      6.06  4.60  -0.00     35.50
log-0120                49   6.22      6.46  4.39   0.00     33.89
log-0122               317   8.15      8.37  5.66  -0.00     32.11
log-0125               187   7.50      7.80  5.76  -0.00     32.71
log-0126                51   7.70      8.27  6.42   0.00     36.27
log-0127               102   6.51      6.94  4.82   0.00     35.12
log-0129               409   6.63      7.22  4.42  -0.00     31.63
log-0132               265   8.58      9.09  5.92  -0.00     33.12
log-0133                93   5.66      6.40  4.05   0.00     29.55
log-0145-filtered-c01  348   7.07      6.33  5.03  -0.00     17.98
log-0147-filtered-c01   82   5.89      5.18  4.64   0.00     16.36
log-0147-filtered-c02  319  11.64     14.47  6.44  -0.00     17.46
log-0151-filtered-c01   86   8.27      9.77  4.42   0.00     19.71
log-0152-filtered-c01  150   4.73      5.66  3.37  -0.00     18.31
log-0152-filtered-c02   92   5.89      5.32  4.85  -0.00     14.17
log-0155-filtered-c01  133   5.02      5.06  4.06   0.00     26.67
log103                 396   6.77      7.72  4.65   0.00     22.62
log104                 398   6.47      8.54  4.16  -0.00     21.56
log106                 154   3.78      4.58  2.43   0.00     22.73
log107                 167   3.55      4.53  2.27   0.00     21.70
log109                 181   4.00      6.28  2.69   0.00     22.03
log110                 171   4.37      5.36  2.64  -0.00     21.28
log112                 329   5.28      6.40  3.72  -0.00     22.95

Median                 224.00   5.82      6.33  4.09   0.00     22.95
Mean                   251.00   5.74      6.31  4.02   0.00     24.81
Std Dev                156.41   2.10      2.20  1.49   0.00      5.78
