Experiment: front_200hz_front_default
ID: 20260920T170129Z-front-200hz-front-default
Created: 2026-09-20T18:01:29+01:00
Group: front-default
Tags: none
Pipeline code: 74d2526e99c9
Experiment fingerprint: c74f8943b3a40a41b285ddd4bfa5cbbe74750708518b9c120b617c8260cddbf0
Notes: (none)

======================== UNCENTERED ERRORS ========================

Cache duration summary
log                    samples  dt_ms  total_s  active_s  active_%
---------------------  -------  -----  -------  --------  --------
log-0046                 61344  10.00   613.44    376.55     61.38
log-0048                108107  10.00  1081.07    334.66     30.96
log-0049                 44189  10.00   441.89    179.01     40.51
log-0054                111816  10.00  1118.16    669.38     59.86
log-0055                 43808  10.00   438.08    224.66     51.28
log-0056                 61448  10.00   614.48    273.41     44.49
log-0058                 44381  10.00   443.81    387.82     87.38
log-0063                 40781  10.00   407.81    103.21     25.31
log-0071_183             65908  10.00   659.08    416.20     63.15
log-0072_184             58385  10.00   583.85    328.10     56.20
log-0073_185             39115  10.00   391.15    286.53     73.25
log-0078-valid           22949  10.00   229.49    132.48     57.73
log-0079                 46824  10.00   468.24    242.36     51.76
log-0080-valid           64718  10.00   647.18    325.81     50.34
log-0081                113665  10.00  1136.65    735.55     64.71
log-0098                 36717  10.00   367.17    224.10     61.03
log-0099                 65579  10.00   655.79    634.23     96.71
log-0113                 29498  10.00   294.98    232.98     78.98
log-0115                 18835  10.00   188.35    171.26     90.93
log-0116                 27283  10.00   272.83    175.82     64.44
log-0117                 14148  10.00   141.48    122.91     86.87
log-0118                 16328  10.00   163.28    110.26     67.53
log-0119                 19584  10.00   195.84    138.51     70.73
log-0120                  6011  10.00    60.11     49.75     82.76
log-0122                 43803  10.00   438.03    318.23     72.65
log-0125                 24913  10.00   249.13    187.66     75.33
log-0126                 14241  10.00   142.41     51.60     36.23
log-0127                 26922  10.00   269.22    102.10     37.92
log-0129                 77819  10.00   778.19    409.92     52.68
log-0132                 34660  10.00   346.60    266.52     76.90
log-0133                 10539  10.00   105.39     93.85     89.05
log-0145-filtered-c01    39029  10.00   390.29    348.53     89.30
log-0147-filtered-c01    20838  10.00   208.38     81.51     39.12
log-0147-filtered-c02    38239  10.00   382.39    320.60     83.84
log-0151-filtered-c01     9991  10.00    99.91     86.46     86.54
log-0152-filtered-c01    16176  10.00   161.76    148.55     91.83
log-0152-filtered-c02    10216  10.00   102.16     92.56     90.60
log-0155-filtered-c01    14580  10.00   145.80    133.20     91.36

Error stats on active_mask (raw): travel/mag_model vs travel
log                      t   rmse  bin_rmse    mae      me  rms_trav
---------------------  ---  -----  --------  -----  ------  --------
log-0046               376  16.76     18.56  16.42  -16.42     20.18
log-0048               334   4.32      5.67   3.38   -2.39     22.17
log-0049               178  21.02     21.72  20.77  -20.77     22.11
log-0054               669   6.59      7.47   5.45   -5.37     17.55
log-0055               224   4.27      4.42   2.83   -0.54     23.09
log-0056               273   7.10      7.00   6.31    6.02     22.16
log-0058               387   4.21      4.62   2.79    1.48     23.04
log-0063               103  18.34     19.02  17.97  -17.97     25.99
log-0071_183           416   5.94      6.17   5.45    5.26     21.31
log-0072_184           328   6.02      6.88   4.70   -4.48     20.79
log-0073_185           286  20.77     21.74  20.37  -20.37     19.29
log-0078-valid         132   9.34      8.93   7.53    3.10     28.39
log-0079               242  36.81     37.47  36.21  -36.21     25.53
log-0080-valid         325  41.02     40.31  40.22   39.57     28.86
log-0081               735  17.93     15.97  12.43  -12.14     20.96
log-0098               224  10.10      9.36   7.25    1.31     26.50
log-0099               634  26.53     25.96  23.21  -23.21     19.91
log-0113               232  10.94     13.20   8.91   -8.32     26.40
log-0115               171  25.16     28.68  24.13  -24.13     23.58
log-0116               175   8.73      9.23   5.65   -4.54     30.57
log-0117               122   6.51      7.95   4.44   -3.98     25.85
log-0118               110  15.02     15.94  13.67  -13.50     36.32
log-0119               138   6.71      6.75   5.05    0.79     35.49
log-0120                49  20.06     20.59  18.71  -18.68     33.87
log-0122               318  23.34     24.42  20.84  -20.83     32.22
log-0125               187  29.97     31.08  28.87  -28.87     32.72
log-0126                51  26.93     28.48  25.98  -25.98     36.28
log-0127               102   9.92      9.40   8.03    6.55     34.91
log-0129               409  27.83     27.36  27.16   26.39     31.50
log-0132               266  19.48     20.35  16.14  -16.12     33.08
log-0133                93  13.33     14.66  11.74  -11.66     29.58
log-0145-filtered-c01  348   9.86      8.02   5.85   -4.23     18.00
log-0147-filtered-c01   55   7.92      7.20   4.96   -1.43     15.47
log-0147-filtered-c02  245  23.50     22.92  22.88  -22.83     13.64
log-0151-filtered-c01   67  16.22     15.56  15.39  -15.21     18.11
log-0152-filtered-c01  117  12.77     12.85  11.72  -11.66     18.09
log-0152-filtered-c02   72  32.85     31.99  32.35  -32.33     14.02
log-0155-filtered-c01  124  36.10     37.08  35.77  -35.77     23.41

Median                 224.00  15.62     15.75  13.05  -11.66     23.49
Mean                   245.18  16.85     17.24  15.30   -9.72     25.03
Std Dev                166.23  10.05     10.14  10.41   15.45      6.39

Error stats on active_mask (raw): travel/mag_model/adj vs travel
log                      t   rmse  bin_rmse    mae      me  rms_trav
---------------------  ---  -----  --------  -----  ------  --------
log-0046               376  16.76     18.56  16.42  -16.42     20.18
log-0048               334   4.32      5.67   3.38   -2.39     22.17
log-0049               178  21.02     21.72  20.77  -20.77     22.11
log-0054               669   6.59      7.47   5.45   -5.37     17.55
log-0055               224   4.27      4.42   2.83   -0.54     23.09
log-0056               273   7.10      7.00   6.31    6.02     22.16
log-0058               387   4.21      4.62   2.79    1.48     23.04
log-0063               103  18.34     19.02  17.97  -17.97     25.99
log-0071_183           416   5.94      6.17   5.45    5.26     21.31
log-0072_184           328   6.02      6.88   4.70   -4.48     20.79
log-0073_185           286  20.77     21.74  20.37  -20.37     19.29
log-0078-valid         132   9.34      8.93   7.53    3.10     28.39
log-0079               242  36.81     37.47  36.21  -36.21     25.53
log-0080-valid         325  41.02     40.31  40.22   39.57     28.86
log-0081               735  17.93     15.97  12.43  -12.14     20.96
log-0098               224  10.10      9.36   7.25    1.31     26.50
log-0099               634  26.53     25.96  23.21  -23.21     19.91
log-0113               232  10.94     13.20   8.91   -8.32     26.40
log-0115               171  25.16     28.68  24.13  -24.13     23.58
log-0116               175   8.73      9.23   5.65   -4.54     30.57
log-0117               122   6.51      7.95   4.44   -3.98     25.85
log-0118               110  15.02     15.94  13.67  -13.50     36.32
log-0119               138   6.71      6.75   5.05    0.79     35.49
log-0120                49  20.06     20.59  18.71  -18.68     33.87
log-0122               318  23.34     24.42  20.84  -20.83     32.22
log-0125               187  29.97     31.08  28.87  -28.87     32.72
log-0126                51  26.93     28.48  25.98  -25.98     36.28
log-0127               102   9.92      9.40   8.03    6.55     34.91
log-0129               409  27.83     27.36  27.16   26.39     31.50
log-0132               266  19.48     20.35  16.14  -16.12     33.08
log-0133                93  13.33     14.66  11.74  -11.66     29.58
log-0145-filtered-c01  348   9.86      8.02   5.85   -4.23     18.00
log-0147-filtered-c01   55   7.92      7.20   4.96   -1.43     15.47
log-0147-filtered-c02  245  23.50     22.92  22.88  -22.83     13.64
log-0151-filtered-c01   67  16.22     15.56  15.39  -15.21     18.11
log-0152-filtered-c01  117  12.77     12.85  11.72  -11.66     18.09
log-0152-filtered-c02   72  32.85     31.99  32.35  -32.33     14.02
log-0155-filtered-c01  124  36.10     37.08  35.77  -35.77     23.41

Median                 224.00  15.62     15.75  13.05  -11.66     23.49
Mean                   245.18  16.85     17.24  15.30   -9.72     25.03
Std Dev                166.23  10.05     10.14  10.41   15.45      6.39

Error stats on active_mask (raw): travel/solved vs travel
log                      t   rmse  bin_rmse    mae      me  rms_trav
---------------------  ---  -----  --------  -----  ------  --------
log-0046               376   4.08      4.97   3.50   -3.28     20.18
log-0048               334   2.89      3.41   2.08    0.89     22.17
log-0049               178   6.29      6.86   5.82   -5.71     22.11
log-0054               669   2.55      2.90   1.98   -0.92     17.55
log-0055               224   2.50      2.58   1.93   -0.45     23.09
log-0056               273   4.14      4.05   3.35    3.19     22.16
log-0058               387   2.65      2.77   1.94    0.65     23.04
log-0063               103   3.68      3.50   2.90    1.93     25.99
log-0071_183           416   5.90      5.77   5.61   -5.53     21.31
log-0072_184           328   3.44      3.36   2.74    2.49     20.79
log-0073_185           286   2.65      3.13   1.83   -1.19     19.29
log-0078-valid         132   6.10      5.89   4.48   -3.09     28.39
log-0079               242   6.07      5.51   5.07    3.85     25.53
log-0080-valid         325   9.38      9.72   8.01   -7.83     28.86
log-0081               735  10.01      9.41   8.74    3.53     20.96
log-0098               224   5.22      5.22   3.89    0.35     26.50
log-0099               634   8.82      7.86   7.60    2.75     19.91
log-0113               232  11.69     12.74  10.96  -10.90     26.40
log-0115               171   5.72      7.61   3.92   -2.25     23.58
log-0116               175  10.22      9.87   9.23    8.86     30.57
log-0117               122  11.44     12.16  10.96  -10.93     25.85
log-0118               110  15.33     14.66  14.36   14.30     36.32
log-0119               138   6.27      6.99   5.12   -3.22     35.49
log-0120                49   6.43      6.50   5.21   -4.47     33.87
log-0122               318  11.36     10.36  10.08    8.64     32.22
log-0125               187   9.30     10.15   8.02   -7.06     32.72
log-0126                51  54.92     53.43  54.48   54.48     36.28
log-0127               102  10.72     11.94   9.52   -9.22     34.91
log-0129               409   7.83      8.15   6.61   -6.30     31.50
log-0132               266  12.76     12.51  11.25  -11.15     33.08
log-0133                93  10.15      9.58   9.13    9.01     29.58
log-0145-filtered-c01  348  13.60     14.46  12.68   12.21     18.00
log-0147-filtered-c01   55  10.97     12.29   9.63    9.35     15.47
log-0147-filtered-c02  245   5.33      4.86   3.91   -1.25     13.64
log-0151-filtered-c01   67   5.19      5.18   3.92    1.87     18.11
log-0152-filtered-c01  117   3.91      3.93   2.80   -1.37     18.09
log-0152-filtered-c02   72   9.68      8.84   8.32   -8.01     14.02
log-0155-filtered-c01  124  13.07     13.90  12.26  -11.99     23.41

Median                 224.00   6.36      7.30   5.71   -1.05     23.49
Mean                   245.18   8.74      8.87   7.73    0.59     25.03
Std Dev                166.23   8.37      8.16   8.43   11.03      6.39

Error stats on active_mask (raw): travel/solved/mag_nuisance/delta_lifted vs travel
log                      t   rmse  bin_rmse    mae      me  rms_trav
---------------------  ---  -----  --------  -----  ------  --------
log-0046               376  16.37     17.70  16.12  -16.12     20.18
log-0048               334   4.42      5.89   3.26   -2.63     22.17
log-0049               178  20.70     21.37  20.50  -20.50     22.11
log-0054               669   6.21      6.98   5.29   -5.26     17.55
log-0055               224   3.62      3.75   2.39   -0.51     23.09
log-0056               273   6.89      6.69   6.35    6.00     22.16
log-0058               387   3.93      4.13   2.74    1.26     23.04
log-0063               103  18.62     19.44  18.35  -18.35     25.99
log-0071_183           416   5.72      5.87   5.36    5.13     21.31
log-0072_184           328   5.19      5.77   4.29   -4.13     20.79
log-0073_185           286  20.25     20.92  19.99  -19.99     19.29
log-0078-valid         132   7.19      7.25   5.64    2.69     28.39
log-0079               242  36.66     37.46  36.34  -36.34     25.53
log-0080-valid         325  40.10     39.58  39.66   39.52     28.86
log-0081               735  15.42     14.08  11.62  -11.51     20.96
log-0098               224   5.87      5.76   4.34    1.19     26.50
log-0099               634  23.88     24.11  22.18  -22.18     19.91
log-0113               232   9.84     11.68   8.45   -8.21     26.40
log-0115               171  24.28     27.41  23.55  -23.55     23.58
log-0116               175   6.99      7.44   5.00   -4.08     30.57
log-0117               122   6.70      8.17   4.60   -4.20     25.85
log-0118               110  15.27     16.15  14.28  -14.14     36.32
log-0119               138   5.59      5.74   4.38    0.89     35.49
log-0120                49  18.59     19.01  17.78  -17.75     33.87
log-0122               318  21.64     22.75  20.01  -20.00     32.22
log-0125               187  28.82     30.03  28.08  -28.08     32.72
log-0126                51  26.32     27.89  25.58  -25.58     36.28
log-0127               102   8.87      8.29   7.47    6.66     34.91
log-0129               409  27.30     26.68  26.71   26.67     31.50
log-0132               266  17.93     18.75  15.55  -15.52     33.08
log-0133                93  12.19     13.18  11.25  -11.22     29.58
log-0145-filtered-c01  348   8.03      6.53   4.92   -3.38     18.00
log-0147-filtered-c01   55   6.06      5.78   4.16   -0.71     15.47
log-0147-filtered-c02  245  23.49     22.89  22.91  -22.87     13.64
log-0151-filtered-c01   67  16.14     15.50  15.43  -15.26     18.11
log-0152-filtered-c01  117  11.93     12.17  11.30  -11.23     18.09
log-0152-filtered-c02   72  32.79     31.93  32.38  -32.36     14.02
log-0155-filtered-c01  124  37.03     37.67  36.70  -36.70     23.41

Median                 224.00  15.34     14.79  12.95  -11.23     23.49
Mean                   245.18  15.97     16.38  14.87   -9.54     25.03
Std Dev                166.23  10.23     10.32  10.57   15.40      6.39

Error stats on active_mask (raw): travel/mag_nuisance/corrected vs travel
log                      t   rmse  bin_rmse    mae      me  rms_trav
---------------------  ---  -----  --------  -----  ------  --------
log-0046               376  16.59     18.50  16.27  -16.27     20.18
log-0048               334   4.46      5.85   3.27   -2.61     22.17
log-0049               178  20.80     21.57  20.58  -20.58     22.11
log-0054               669   6.36      7.27   5.34   -5.31     17.55
log-0055               224   3.89      4.06   2.50   -0.58     23.09
log-0056               273   7.01      6.83   6.41    5.88     22.16
log-0058               387   4.20      4.63   2.81    1.25     23.04
log-0063               103  18.59     19.42  18.29  -18.29     25.99
log-0071_183           416   5.87      6.08   5.46    5.10     21.31
log-0072_184           328   5.79      6.54   4.50   -4.34     20.79
log-0073_185           286  20.53     21.58  20.19  -20.19     19.29
log-0078-valid         132   7.21      7.33   5.67    2.65     28.39
log-0079               242  36.58     37.37  36.26  -36.26     25.53
log-0080-valid         325  40.04     39.54  39.56   39.55     28.86
log-0081               735  15.67     14.33  11.77  -11.64     20.96
log-0098               224   5.84      5.74   4.40    1.17     26.50
log-0099               634  24.10     24.42  22.35  -22.34     19.91
log-0113               232  10.08     12.14   8.55   -8.31     26.40
log-0115               171  24.75     28.33  23.90  -23.90     23.58
log-0116               175   7.27      7.76   5.10   -4.24     30.57
log-0117               122   7.07      8.71   4.75   -4.37     25.85
log-0118               110  15.40     16.45  14.36  -14.21     36.32
log-0119               138   5.69      5.76   4.44    0.77     35.49
log-0120                49  19.13     19.65  18.20  -18.17     33.87
log-0122               318  22.23     23.46  20.36  -20.35     32.22
log-0125               187  29.10     30.36  28.33  -28.33     32.72
log-0126                51  26.56     28.20  25.79  -25.78     36.28
log-0127               102   8.94      8.33   7.50    6.70     34.91
log-0129               409  27.26     26.61  26.65   26.59     31.50
log-0132               266  18.43     19.42  15.82  -15.80     33.08
log-0133                93  12.38     13.45  11.36  -11.30     29.58
log-0145-filtered-c01  348   9.28      7.54   5.66   -4.05     18.00
log-0147-filtered-c01   55   7.71      7.05   4.76   -1.38     15.47
log-0147-filtered-c02  245  23.61     23.01  22.98  -22.94     13.64
log-0151-filtered-c01   67  16.40     15.68  15.55  -15.37     18.11
log-0152-filtered-c01  117  12.58     12.70  11.61  -11.54     18.09
log-0152-filtered-c02   72  32.89     32.02  32.39  -32.37     14.02
log-0155-filtered-c01  124  36.30     37.23  36.00  -36.00     23.41

Median                 224.00  15.54     15.01  13.06  -11.42     23.49
Mean                   245.18  16.23     16.71  14.99   -9.66     25.03
Std Dev                166.23  10.10     10.23  10.50   15.39      6.39


======================== CENTERED ERRORS ========================

Cache duration summary
log                    samples  dt_ms  total_s  active_s  active_%
---------------------  -------  -----  -------  --------  --------
log-0046                 61344  10.00   613.44    376.55     61.38
log-0048                108107  10.00  1081.07    334.66     30.96
log-0049                 44189  10.00   441.89    179.01     40.51
log-0054                111816  10.00  1118.16    669.38     59.86
log-0055                 43808  10.00   438.08    224.66     51.28
log-0056                 61448  10.00   614.48    273.41     44.49
log-0058                 44381  10.00   443.81    387.82     87.38
log-0063                 40781  10.00   407.81    103.21     25.31
log-0071_183             65908  10.00   659.08    416.20     63.15
log-0072_184             58385  10.00   583.85    328.10     56.20
log-0073_185             39115  10.00   391.15    286.53     73.25
log-0078-valid           22949  10.00   229.49    132.48     57.73
log-0079                 46824  10.00   468.24    242.36     51.76
log-0080-valid           64718  10.00   647.18    325.81     50.34
log-0081                113665  10.00  1136.65    735.55     64.71
log-0098                 36717  10.00   367.17    224.10     61.03
log-0099                 65579  10.00   655.79    634.23     96.71
log-0113                 29498  10.00   294.98    232.98     78.98
log-0115                 18835  10.00   188.35    171.26     90.93
log-0116                 27283  10.00   272.83    175.82     64.44
log-0117                 14148  10.00   141.48    122.91     86.87
log-0118                 16328  10.00   163.28    110.26     67.53
log-0119                 19584  10.00   195.84    138.51     70.73
log-0120                  6011  10.00    60.11     49.75     82.76
log-0122                 43803  10.00   438.03    318.23     72.65
log-0125                 24913  10.00   249.13    187.66     75.33
log-0126                 14241  10.00   142.41     51.60     36.23
log-0127                 26922  10.00   269.22    102.10     37.92
log-0129                 77819  10.00   778.19    409.92     52.68
log-0132                 34660  10.00   346.60    266.52     76.90
log-0133                 10539  10.00   105.39     93.85     89.05
log-0145-filtered-c01    39029  10.00   390.29    348.53     89.30
log-0147-filtered-c01    20838  10.00   208.38     81.51     39.12
log-0147-filtered-c02    38239  10.00   382.39    320.60     83.84
log-0151-filtered-c01     9991  10.00    99.91     86.46     86.54
log-0152-filtered-c01    16176  10.00   161.76    148.55     91.83
log-0152-filtered-c02    10216  10.00   102.16     92.56     90.60
log-0155-filtered-c01    14580  10.00   145.80    133.20     91.36

Error stats on active_mask (centered): travel/mag_model vs travel
log                      t   rmse  bin_rmse    mae  nrmse  rms_trav
---------------------  ---  -----  --------  -----  -----  --------
log-0046               376   3.36      4.72   2.14   0.17     20.18
log-0048               334   3.60      4.46   2.33   0.16     22.17
log-0049               178   3.22      3.66   2.06   0.15     22.11
log-0054               669   3.83      4.44   2.62   0.22     17.55
log-0055               224   4.23      4.36   2.82   0.18     23.09
log-0056               273   3.75      4.08   2.46   0.17     22.16
log-0058               387   3.94      4.54   2.51   0.17     23.04
log-0063               103   3.66      4.07   2.59   0.14     25.99
log-0071_183           416   2.76      3.03   1.76   0.13     21.31
log-0072_184           328   4.03      4.57   2.40   0.19     20.79
log-0073_185           286   4.08      4.91   2.70   0.21     19.29
log-0078-valid         132   8.81      8.34   6.42   0.31     28.39
log-0079               242   6.62      5.81   5.08   0.26     25.53
log-0080-valid         325  10.83     10.89   6.73   0.38     28.86
log-0081               735  13.19     11.68  10.28   0.63     20.96
log-0098               224  10.02      9.42   6.90   0.38     26.50
log-0099               634  12.87     10.75  10.53   0.65     19.91
log-0113               232   7.11      8.37   4.77   0.27     26.40
log-0115               171   7.12      7.98   5.11   0.30     23.58
log-0116               175   7.46      7.72   5.00   0.24     30.57
log-0117               122   5.15      5.93   3.30   0.20     25.85
log-0118               110   6.59      7.09   5.15   0.18     36.32
log-0119               138   6.66      6.82   5.04   0.19     35.49
log-0120                49   7.31      7.43   5.34   0.22     33.87
log-0122               318  10.54     10.24   7.94   0.33     32.22
log-0125               187   8.03      7.59   6.02   0.25     32.72
log-0126                51   7.12      7.33   5.85   0.20     36.28
log-0127               102   7.46      7.78   5.22   0.21     34.91
log-0129               409   8.83     10.01   5.28   0.28     31.50
log-0132               266  10.94     11.24   8.14   0.33     33.08
log-0133                93   6.47      7.24   4.60   0.22     29.58
log-0145-filtered-c01  348   8.91      7.88   6.51   0.49     18.00
log-0147-filtered-c01   55   7.79      7.45   5.09   0.50     15.47
log-0147-filtered-c02  245   5.55      5.31   4.28   0.41     13.64
log-0151-filtered-c01   67   5.64      5.39   3.87   0.31     18.11
log-0152-filtered-c01  117   5.22      4.75   3.50   0.29     18.09
log-0152-filtered-c02   72   5.79      5.29   4.79   0.41     14.02
log-0155-filtered-c01  124   4.85      4.70   3.89   0.21     23.41

Median                 224.00   6.61      6.95   4.89   0.23     23.49
Mean                   245.18   6.67      6.77   4.76   0.28     25.03
Std Dev                166.23   2.68      2.33   2.13   0.13      6.39

Error stats on active_mask (centered): travel/mag_model/adj vs travel
log                      t   rmse  bin_rmse    mae  nrmse  rms_trav
---------------------  ---  -----  --------  -----  -----  --------
log-0046               376   3.36      4.72   2.14   0.17     20.18
log-0048               334   3.60      4.46   2.33   0.16     22.17
log-0049               178   3.22      3.66   2.06   0.15     22.11
log-0054               669   3.83      4.44   2.62   0.22     17.55
log-0055               224   4.23      4.36   2.82   0.18     23.09
log-0056               273   3.75      4.08   2.46   0.17     22.16
log-0058               387   3.94      4.54   2.51   0.17     23.04
log-0063               103   3.66      4.07   2.59   0.14     25.99
log-0071_183           416   2.76      3.03   1.76   0.13     21.31
log-0072_184           328   4.03      4.57   2.40   0.19     20.79
log-0073_185           286   4.08      4.91   2.70   0.21     19.29
log-0078-valid         132   8.81      8.34   6.42   0.31     28.39
log-0079               242   6.62      5.81   5.08   0.26     25.53
log-0080-valid         325  10.83     10.89   6.73   0.38     28.86
log-0081               735  13.19     11.68  10.28   0.63     20.96
log-0098               224  10.02      9.42   6.90   0.38     26.50
log-0099               634  12.87     10.75  10.53   0.65     19.91
log-0113               232   7.11      8.37   4.77   0.27     26.40
log-0115               171   7.12      7.98   5.11   0.30     23.58
log-0116               175   7.46      7.72   5.00   0.24     30.57
log-0117               122   5.15      5.93   3.30   0.20     25.85
log-0118               110   6.59      7.09   5.15   0.18     36.32
log-0119               138   6.66      6.82   5.04   0.19     35.49
log-0120                49   7.31      7.43   5.34   0.22     33.87
log-0122               318  10.54     10.24   7.94   0.33     32.22
log-0125               187   8.03      7.59   6.02   0.25     32.72
log-0126                51   7.12      7.33   5.85   0.20     36.28
log-0127               102   7.46      7.78   5.22   0.21     34.91
log-0129               409   8.83     10.01   5.28   0.28     31.50
log-0132               266  10.94     11.24   8.14   0.33     33.08
log-0133                93   6.47      7.24   4.60   0.22     29.58
log-0145-filtered-c01  348   8.91      7.88   6.51   0.49     18.00
log-0147-filtered-c01   55   7.79      7.45   5.09   0.50     15.47
log-0147-filtered-c02  245   5.55      5.31   4.28   0.41     13.64
log-0151-filtered-c01   67   5.64      5.39   3.87   0.31     18.11
log-0152-filtered-c01  117   5.22      4.75   3.50   0.29     18.09
log-0152-filtered-c02   72   5.79      5.29   4.79   0.41     14.02
log-0155-filtered-c01  124   4.85      4.70   3.89   0.21     23.41

Median                 224.00   6.61      6.95   4.89   0.23     23.49
Mean                   245.18   6.67      6.77   4.76   0.28     25.03
Std Dev                166.23   2.68      2.33   2.13   0.13      6.39

Error stats on active_mask (centered): travel/solved vs travel
log                      t  rmse  bin_rmse   mae  nrmse  rms_trav
---------------------  ---  ----  --------  ----  -----  --------
log-0046               376  2.43      3.11  1.79   0.12     20.18
log-0048               334  2.75      3.67  2.02   0.12     22.17
log-0049               178  2.63      2.94  1.75   0.12     22.11
log-0054               669  2.38      2.62  1.82   0.14     17.55
log-0055               224  2.45      2.51  1.88   0.11     23.09
log-0056               273  2.64      2.86  2.00   0.12     22.16
log-0058               387  2.57      2.79  1.92   0.11     23.04
log-0063               103  3.13      3.38  2.40   0.12     25.99
log-0071_183           416  2.07      2.21  1.50   0.10     21.31
log-0072_184           328  2.38      2.67  1.69   0.11     20.79
log-0073_185           286  2.37      2.76  1.54   0.12     19.29
log-0078-valid         132  5.27      5.22  4.12   0.19     28.39
log-0079               242  4.69      4.68  3.66   0.18     25.53
log-0080-valid         325  5.16      5.12  4.01   0.18     28.86
log-0081               735  9.36      8.20  7.56   0.45     20.96
log-0098               224  5.21      5.26  3.84   0.20     26.50
log-0099               634  8.38      7.58  6.98   0.42     19.91
log-0113               232  4.21      4.45  3.36   0.16     26.40
log-0115               171  5.26      6.43  3.88   0.22     23.58
log-0116               175  5.08      5.09  3.85   0.17     30.57
log-0117               122  3.40      3.48  2.54   0.13     25.85
log-0118               110  5.54      5.80  4.36   0.15     36.32
log-0119               138  5.38      5.72  4.36   0.15     35.49
log-0120                49  4.63      4.54  3.58   0.14     33.87
log-0122               318  7.37      7.34  5.78   0.23     32.22
log-0125               187  6.05      6.00  4.84   0.19     32.72
log-0126                51  6.96      7.04  5.47   0.19     36.28
log-0127               102  5.48      6.03  4.37   0.16     34.91
log-0129               409  4.64      4.58  3.70   0.15     31.50
log-0132               266  6.21      5.64  4.76   0.19     33.08
log-0133                93  4.68      5.02  3.64   0.16     29.58
log-0145-filtered-c01  348  5.98      5.38  4.52   0.33     18.00
log-0147-filtered-c01   55  5.75      5.76  4.05   0.37     15.47
log-0147-filtered-c02  245  5.19      4.80  4.00   0.38     13.64
log-0151-filtered-c01   67  4.84      4.67  3.23   0.27     18.11
log-0152-filtered-c01  117  3.66      3.51  2.62   0.20     18.09
log-0152-filtered-c02   72  5.43      5.01  4.49   0.39     14.02
log-0155-filtered-c01  124  5.20      5.04  3.85   0.22     23.41

Median                 224.00  4.96      4.91  3.77   0.16     23.49
Mean                   245.18  4.65      4.71  3.57   0.20     25.03
Std Dev                166.23  1.73      1.51  1.45   0.09      6.39

Error stats on active_mask (centered): travel/solved/mag_nuisance/delta_lifted vs travel
log                      t   rmse  bin_rmse   mae  nrmse  rms_trav
---------------------  ---  -----  --------  ----  -----  --------
log-0046               376   2.84      3.75  1.98   0.14     20.18
log-0048               334   3.55      4.38  2.35   0.16     22.17
log-0049               178   2.86      3.17  1.92   0.13     22.11
log-0054               669   3.30      3.80  2.16   0.19     17.55
log-0055               224   3.59      3.68  2.41   0.16     23.09
log-0056               273   3.38      3.72  2.24   0.15     22.16
log-0058               387   3.72      4.13  2.38   0.16     23.04
log-0063               103   3.15      3.35  2.40   0.12     25.99
log-0071_183           416   2.54      2.82  1.64   0.12     21.31
log-0072_184           328   3.14      3.45  2.01   0.15     20.79
log-0073_185           286   3.22      3.79  2.19   0.17     19.29
log-0078-valid         132   6.67      6.60  4.69   0.23     28.39
log-0079               242   4.84      4.80  3.76   0.19     25.53
log-0080-valid         325   6.85      7.09  4.57   0.24     28.86
log-0081               735  10.27      9.43  8.11   0.49     20.96
log-0098               224   5.75      5.81  4.08   0.22     26.50
log-0099               634   8.86      8.02  7.30   0.44     19.91
log-0113               232   5.42      6.12  3.80   0.21     26.40
log-0115               171   5.92      7.08  4.41   0.25     23.58
log-0116               175   5.68      5.85  4.10   0.19     30.57
log-0117               122   5.22      6.09  3.29   0.20     25.85
log-0118               110   5.75      6.10  4.49   0.16     36.32
log-0119               138   5.52      5.81  4.35   0.16     35.49
log-0120                49   5.54      5.63  4.23   0.16     33.87
log-0122               318   8.26      8.16  6.40   0.26     32.22
log-0125               187   6.51      6.37  5.08   0.20     32.72
log-0126                51   6.20      6.63  5.16   0.17     36.28
log-0127               102   5.86      6.30  4.52   0.17     34.91
log-0129               409   5.85      6.12  4.28   0.19     31.50
log-0132               266   8.96      9.31  6.87   0.27     33.08
log-0133                93   4.76      5.15  3.67   0.16     29.58
log-0145-filtered-c01  348   7.28      6.44  5.34   0.40     18.00
log-0147-filtered-c01   55   6.02      5.93  4.17   0.39     15.47
log-0147-filtered-c02  245   5.36      4.99  4.21   0.39     13.64
log-0151-filtered-c01   67   5.27      4.98  3.83   0.29     18.11
log-0152-filtered-c01  117   4.01      3.74  2.93   0.22     18.09
log-0152-filtered-c02   72   5.27      4.97  4.37   0.38     14.02
log-0155-filtered-c01  124   4.93      4.62  3.68   0.21     23.41

Median                 224.00   5.39      5.72  4.09   0.19     23.49
Mean                   245.18   5.32      5.48  3.93   0.22     25.03
Std Dev                166.23   1.81      1.63  1.52   0.09      6.39

Error stats on active_mask (centered): travel/mag_nuisance/corrected vs travel
log                      t   rmse  bin_rmse   mae  nrmse  rms_trav
---------------------  ---  -----  --------  ----  -----  --------
log-0046               376   3.25      4.58  2.14   0.16     20.18
log-0048               334   3.62      4.38  2.34   0.16     22.17
log-0049               178   3.06      3.43  2.02   0.14     22.11
log-0054               669   3.51      4.14  2.24   0.20     17.55
log-0055               224   3.84      3.98  2.53   0.17     23.09
log-0056               273   3.81      4.19  2.40   0.17     22.16
log-0058               387   4.00      4.66  2.44   0.17     23.04
log-0063               103   3.31      3.57  2.50   0.13     25.99
log-0071_183           416   2.89      3.25  1.72   0.14     21.31
log-0072_184           328   3.83      4.29  2.27   0.18     20.79
log-0073_185           286   3.77      4.60  2.50   0.20     19.29
log-0078-valid         132   6.71      6.70  4.74   0.24     28.39
log-0079               242   4.79      4.75  3.75   0.19     25.53
log-0080-valid         325   6.27      6.40  4.54   0.22     28.86
log-0081               735  10.49      9.78  8.27   0.50     20.96
log-0098               224   5.72      5.78  4.14   0.22     26.50
log-0099               634   9.06      8.23  7.46   0.45     19.91
log-0113               232   5.72      6.55  3.99   0.22     26.40
log-0115               171   6.44      7.59  4.80   0.27     23.58
log-0116               175   5.90      6.12  4.23   0.19     30.57
log-0117               122   5.56      6.54  3.48   0.22     25.85
log-0118               110   5.93      6.21  4.57   0.16     36.32
log-0119               138   5.64      5.84  4.41   0.16     35.49
log-0120                49   5.98      6.07  4.60   0.18     33.87
log-0122               318   8.94      8.79  7.00   0.28     32.22
log-0125               187   6.65      6.42  5.19   0.20     32.72
log-0126                51   6.38      6.72  5.25   0.18     36.28
log-0127               102   5.91      6.33  4.60   0.17     34.91
log-0129               409   6.04      6.33  4.38   0.19     31.50
log-0132               266   9.49      9.93  7.29   0.29     33.08
log-0133                93   5.07      5.49  3.87   0.17     29.58
log-0145-filtered-c01  348   8.35      7.42  6.25   0.46     18.00
log-0147-filtered-c01   55   7.58      7.29  4.83   0.49     15.47
log-0147-filtered-c02  245   5.61      5.37  4.40   0.41     13.64
log-0151-filtered-c01   67   5.72      5.46  4.07   0.32     18.11
log-0152-filtered-c01  117   5.00      4.56  3.36   0.28     18.09
log-0152-filtered-c02   72   5.79      5.29  4.79   0.41     14.02
log-0155-filtered-c01  124   4.67      4.52  3.76   0.20     23.41

Median                 224.00   5.72      5.81  4.19   0.20     23.49
Mean                   245.18   5.64      5.83  4.13   0.24     25.03
Std Dev                166.23   1.84      1.62  1.59   0.10      6.39
