Experiment: method-comparison-harry
ID: 20260927T201528Z-method-comparison-harry
Created: 2026-09-27T21:15:28+01:00
Group: harry
Tags: none
Pipeline code: 5f2186c89a2c
Experiment fingerprint: 30f80359a00257a780b1c1bb6f7524b6a0638fcb478126e2c6b111b627de8f34
Notes: (none)

======================== UNCENTERED ERRORS ========================

Cache duration summary
log       samples  dt_ms  total_s  active_s  active_%
--------  -------  -----  -------  --------  --------
log-0113    29498  10.00   294.98    262.71     89.06
log-0115    18835  10.00   188.35    181.69     96.46
log-0116    27283  10.00   272.83    198.05     72.59
log-0117    14148  10.00   141.48    128.40     90.75
log-0118    16328  10.00   163.28    114.79     70.30
log-0119    19584  10.00   195.84    150.36     76.78
log-0120     6011  10.00    60.11     52.91     88.02
log-0122    43803  10.00   438.03    344.65     78.68
log-0125    24913  10.00   249.13    205.54     82.50
log-0126    14241  10.00   142.41     59.80     41.99
log-0127    26922  10.00   269.22    112.86     41.92
log-0129    77819  10.00   778.19    446.17     57.33
log-0132    34660  10.00   346.60    296.59     85.57
log-0133    10539  10.00   105.39     94.70     89.86

Error stats on active_mask (raw): travel/mag_model vs travel
log         t   rmse  bin_rmse    mae      me  rms_trav
--------  ---  -----  --------  -----  ------  --------
log-0113  260  10.91     12.82   8.89   -8.31     26.12
log-0115  179  26.01     30.00  24.75  -24.75     24.43
log-0116  195   9.16      8.67   5.94   -4.89     32.24
log-0117  126   6.59      7.68   4.49   -4.06     25.52
log-0118  114  15.14     16.66  13.77  -13.61     36.98
log-0119  149   6.70      6.59   5.12    1.07     35.83
log-0120   50  19.98     20.16  18.67  -18.63     33.43
log-0122  342  24.37     24.82  21.71  -21.70     33.14
log-0125  204  29.51     31.44  28.37  -28.37     32.42
log-0126   59  26.16     29.04  25.11  -25.10     37.18
log-0127  110  10.18      8.62   8.30    6.55     36.42
log-0129  445  27.97     26.44  27.26   26.50     32.18
log-0132  294  20.12     18.46  16.71  -16.69     33.47
log-0133   92  13.56     14.95  11.94  -11.85     29.94

Median    164.00  17.56     17.56  15.24  -12.73     32.78
Mean      187.07  17.60     18.31  15.79  -10.27     32.09
Std Dev   109.67   7.95      8.52   8.29   14.26      4.05

Error stats on active_mask (raw): travel/solved vs travel
log         t   rmse  bin_rmse    mae      me  rms_trav
--------  ---  -----  --------  -----  ------  --------
log-0113  260  11.59     12.92  10.90  -10.84     26.12
log-0115  179   6.24      8.81   4.19   -2.53     24.43
log-0116  195  10.06      9.76   9.06    8.42     32.24
log-0117  126  11.55     12.08  11.06  -11.02     25.52
log-0118  114  15.31     13.82  14.33   14.28     36.98
log-0119  149   6.16      7.66   5.00   -3.02     35.83
log-0120   50   6.41      6.39   5.21   -4.52     33.43
log-0122  342  11.27      9.46  10.01    7.87     33.14
log-0125  204   9.13     11.00   7.80   -6.75     32.42
log-0126   59  55.72     52.65  55.27   55.26     37.18
log-0127  110  10.36     13.28   9.09   -8.79     36.42
log-0129  445   7.77      9.08   6.50   -6.15     32.18
log-0132  294  12.85     12.02  11.33  -11.24     33.47
log-0133   92  10.09      9.28   9.04    8.88     29.94

Median    164.00  10.23     10.38   9.08   -3.77     32.78
Mean      187.07  13.18     13.44  12.06    2.13     32.09
Std Dev   109.67  12.07     11.08  12.29   16.84      4.05

Error stats on active_mask (raw): travel/baseline/accel vs travel
log         t   rmse  bin_rmse    mae      me  rms_trav
--------  ---  -----  --------  -----  ------  --------
log-0113  260  59.49     72.28  56.48  -56.46     26.12
log-0115  179  60.52     71.84  58.02  -58.01     24.43
log-0116  195  65.23     75.81  60.13  -60.13     32.24
log-0117  126  59.86     75.25  57.65  -57.64     25.52
log-0118  114  75.83     86.81  70.17  -70.15     36.98
log-0119  149  67.36     79.56  62.12  -61.99     35.83
log-0120   50  68.81     72.93  64.78  -64.51     33.43
log-0122  342  66.47     81.52  61.02  -60.90     33.14
log-0125  204  66.54     81.42  61.66  -61.65     32.42
log-0126   59  65.31     75.18  58.82  -58.65     37.18
log-0127  110  66.20     77.45  59.89  -59.81     36.42
log-0129  445  69.28     86.50  64.02  -63.99     32.18
log-0132  294  68.06     92.33  62.06  -62.04     33.47
log-0133   92  69.19     75.51  65.47  -65.46     29.94

Median    164.00  66.50     76.63  61.34  -61.27     32.78
Mean      187.07  66.30     78.89  61.59  -61.53     32.09
Std Dev   109.67   4.16      5.94   3.51    3.50      4.05

Error stats on active_mask (raw): travel/oracle/mag_power vs travel
log         t  rmse  bin_rmse   mae     me  rms_trav
--------  ---  ----  --------  ----  -----  --------
log-0113  260  4.93      4.99  3.79  -0.05     26.12
log-0115  179  4.60      4.83  3.41   0.01     24.43
log-0116  195  5.44      5.26  4.12   0.03     32.24
log-0117  126  3.59      5.15  2.72  -0.04     25.52
log-0118  114  4.94      5.11  3.69  -0.00     36.98
log-0119  149  4.99      5.35  3.76  -0.01     35.83
log-0120   50  5.54      5.57  4.11  -0.21     33.43
log-0122  342  5.76      6.44  4.48  -0.03     33.14
log-0125  204  6.69      6.56  5.48  -0.02     32.42
log-0126   59  6.06      5.39  4.57  -0.02     37.18
log-0127  110  5.03      5.94  3.80  -0.05     36.42
log-0129  445  5.37      8.29  4.16  -0.00     32.18
log-0132  294  6.22      7.92  4.83  -0.03     33.47
log-0133   92  5.22      5.28  3.97  -0.07     29.94

Median    164.00  5.29      5.37  4.04  -0.03     32.78
Mean      187.07  5.31      5.86  4.06  -0.04     32.09
Std Dev   109.67  0.73      1.04  0.64   0.05      4.05

Error stats on active_mask (raw): travel/fusion1 vs travel
log         t   rmse  bin_rmse    mae      me  rms_trav
--------  ---  -----  --------  -----  ------  --------
log-0113  260  10.15     11.91   8.48   -7.89     26.12
log-0115  179  24.67     28.33  23.60  -23.60     24.43
log-0116  195   8.09      7.67   5.48   -4.27     32.24
log-0117  126   5.97      6.82   4.16   -3.69     25.52
log-0118  114  14.77     16.24  13.51  -13.37     36.98
log-0119  149   6.49      6.35   5.04    1.60     35.83
log-0120   50  18.53     18.46  17.51  -17.48     33.43
log-0122  342  22.48     23.27  20.24  -20.23     33.14
log-0125  204  28.48     30.57  27.47  -27.47     32.42
log-0126   59  25.30     28.33  24.26  -24.25     37.18
log-0127  110   9.98      8.38   8.24    6.82     36.42
log-0129  445  27.93     26.34  27.25   26.72     32.18
log-0132  294  18.92     17.46  15.86  -15.82     33.47
log-0133   92  12.73     13.90  11.43  -11.34     29.94

Median    164.00  16.65     16.85  14.68  -12.35     32.78
Mean      187.07  16.75     17.43  15.18   -9.59     32.09
Std Dev   109.67   7.77      8.38   8.06   13.99      4.05


======================== CENTERED ERRORS ========================

Cache duration summary
log       samples  dt_ms  total_s  active_s  active_%
--------  -------  -----  -------  --------  --------
log-0113    29498  10.00   294.98    262.71     89.06
log-0115    18835  10.00   188.35    181.69     96.46
log-0116    27283  10.00   272.83    198.05     72.59
log-0117    14148  10.00   141.48    128.40     90.75
log-0118    16328  10.00   163.28    114.79     70.30
log-0119    19584  10.00   195.84    150.36     76.78
log-0120     6011  10.00    60.11     52.91     88.02
log-0122    43803  10.00   438.03    344.65     78.68
log-0125    24913  10.00   249.13    205.54     82.50
log-0126    14241  10.00   142.41     59.80     41.99
log-0127    26922  10.00   269.22    112.86     41.92
log-0129    77819  10.00   778.19    446.17     57.33
log-0132    34660  10.00   346.60    296.59     85.57
log-0133    10539  10.00   105.39     94.70     89.86

Error stats on active_mask (centered): travel/mag_model vs travel
log         t   rmse  bin_rmse   mae  nrmse  rms_trav
--------  ---  -----  --------  ----  -----  --------
log-0113  260   7.06      7.81  4.71   0.27     26.12
log-0115  179   8.01      8.86  5.82   0.33     24.43
log-0116  195   7.74      7.21  5.34   0.24     32.24
log-0117  126   5.19      5.76  3.35   0.20     25.52
log-0118  114   6.64      6.98  5.20   0.18     36.98
log-0119  149   6.61      6.82  5.08   0.18     35.83
log-0120   50   7.21      7.52  5.22   0.22     33.43
log-0122  342  11.08      9.56  8.68   0.33     33.14
log-0125  204   8.12      7.50  6.20   0.25     32.42
log-0126   59   7.38      8.04  6.07   0.20     37.18
log-0127  110   7.79      7.77  5.37   0.21     36.42
log-0129  445   8.94      8.53  5.39   0.28     32.18
log-0132  294  11.24      9.99  8.69   0.34     33.47
log-0133   92   6.60      7.20  4.68   0.22     29.94

Median    164.00   7.56      7.65  5.36   0.23     32.78
Mean      187.07   7.83      7.82  5.70   0.25     32.09
Std Dev   109.67   1.61      1.08  1.39   0.05      4.05

Error stats on active_mask (centered): travel/solved vs travel
log         t  rmse  bin_rmse   mae  nrmse  rms_trav
--------  ---  ----  --------  ----  -----  --------
log-0113  260  4.08      4.37  3.25   0.16     26.12
log-0115  179  5.70      7.30  4.20   0.23     24.43
log-0116  195  5.50      5.08  4.15   0.17     32.24
log-0117  126  3.44      3.39  2.57   0.13     25.52
log-0118  114  5.53      5.77  4.37   0.15     36.98
log-0119  149  5.37      6.07  4.38   0.15     35.83
log-0120   50  4.54      4.67  3.48   0.14     33.43
log-0122  342  8.07      7.36  6.37   0.24     33.14
log-0125  204  6.15      6.45  5.03   0.19     32.42
log-0126   59  7.12      8.08  5.67   0.19     37.18
log-0127  110  5.49      6.88  4.42   0.15     36.42
log-0129  445  4.75      4.99  3.80   0.15     32.18
log-0132  294  6.23      4.96  4.83   0.19     33.47
log-0133   92  4.79      5.11  3.71   0.16     29.94

Median    164.00  5.50      5.44  4.29   0.16     32.78
Mean      187.07  5.48      5.75  4.30   0.17     32.09
Std Dev   109.67  1.15      1.28  0.94   0.03      4.05

Error stats on active_mask (centered): travel/baseline/accel vs travel
log         t   rmse  bin_rmse    mae  nrmse  rms_trav
--------  ---  -----  --------  -----  -----  --------
log-0113  260  18.77     28.89  13.82   0.72     26.12
log-0115  179  17.24     27.57  12.06   0.71     24.43
log-0116  195  25.27     31.83  19.70   0.78     32.24
log-0117  126  16.14     30.09  11.16   0.63     25.52
log-0118  114  28.80     36.10  21.60   0.78     36.98
log-0119  149  26.35     33.15  20.69   0.74     35.83
log-0120   50  23.93     27.20  18.25   0.72     33.43
log-0122  342  26.62     35.98  20.77   0.80     33.14
log-0125  204  25.05     34.27  19.46   0.77     32.42
log-0126   59  28.73     31.77  22.80   0.77     37.18
log-0127  110  28.38     32.01  22.22   0.78     36.42
log-0129  445  26.54     37.28  20.58   0.82     32.18
log-0132  294  28.00     44.88  21.71   0.84     33.47
log-0133   92  22.40     28.27  17.54   0.75     29.94

Median    164.00  25.81     31.92  20.14   0.77     32.78
Mean      187.07  24.45     32.81  18.74   0.76     32.09
Std Dev   109.67   4.11      4.58   3.65   0.05      4.05

Error stats on active_mask (centered): travel/oracle/mag_power vs travel
log         t  rmse  bin_rmse   mae  nrmse  rms_trav
--------  ---  ----  --------  ----  -----  --------
log-0113  260  4.93      4.99  3.78   0.19     26.12
log-0115  179  4.60      4.83  3.41   0.19     24.43
log-0116  195  5.44      5.26  4.12   0.17     32.24
log-0117  126  3.59      5.16  2.72   0.14     25.52
log-0118  114  4.94      5.11  3.69   0.13     36.98
log-0119  149  4.99      5.35  3.76   0.14     35.83
log-0120   50  5.54      5.57  4.11   0.17     33.43
log-0122  342  5.76      6.45  4.48   0.17     33.14
log-0125  204  6.69      6.57  5.48   0.21     32.42
log-0126   59  6.06      5.38  4.57   0.16     37.18
log-0127  110  5.03      5.95  3.81   0.14     36.42
log-0129  445  5.37      8.29  4.16   0.17     32.18
log-0132  294  6.22      7.93  4.83   0.19     33.47
log-0133   92  5.22      5.28  3.97   0.17     29.94

Median    164.00  5.29      5.37  4.04   0.17     32.78
Mean      187.07  5.31      5.87  4.06   0.17     32.09
Std Dev   109.67  0.73      1.04  0.64   0.02      4.05

Error stats on active_mask (centered): travel/fusion1 vs travel
log         t   rmse  bin_rmse   mae  nrmse  rms_trav
--------  ---  -----  --------  ----  -----  --------
log-0113  260   6.38      7.06  4.36   0.24     26.12
log-0115  179   7.20      8.48  4.98   0.29     24.43
log-0116  195   6.86      6.34  4.86   0.21     32.24
log-0117  126   4.70      5.08  3.04   0.18     25.52
log-0118  114   6.28      6.64  4.99   0.17     36.98
log-0119  149   6.29      6.67  4.98   0.18     35.83
log-0120   50   6.15      6.33  4.39   0.18     33.43
log-0122  342   9.81      8.62  7.51   0.30     33.14
log-0125  204   7.53      7.25  5.88   0.23     32.42
log-0126   59   7.22      8.09  5.93   0.19     37.18
log-0127  110   7.28      7.48  5.12   0.20     36.42
log-0129  445   8.13      7.78  5.14   0.25     32.18
log-0132  294  10.38      9.10  7.96   0.31     33.47
log-0133   92   5.78      6.29  4.31   0.19     29.94

Median    164.00   7.03      7.16  4.98   0.21     32.78
Mean      187.07   7.14      7.23  5.25   0.22     32.09
Std Dev   109.67   1.46      1.07  1.23   0.05      4.05
