Experiment: front_200hz_front_default_40hz_imu_lpf
ID: 20260917T214245Z-front-200hz-front-default-40hz-imu-lpf
Created: 2026-09-17T14:42:45-07:00
Group: front-default
Tags: none
Pipeline code: 6e93d79d6529
Experiment fingerprint: 0eff6ada003fe734738f4f5ae05ce6f1933edc81e34fe161a693468aee343a73
Notes: (none)

======================== UNCENTERED ERRORS ========================

Cache duration summary
log                    samples  dt_ms  total_s  active_s  active_%
---------------------  -------  -----  -------  --------  --------
log-0046                 61344  10.00   613.44    375.91     61.28
log-0048                108107  10.00  1081.07    335.74     31.06
log-0049                 44189  10.00   441.89    176.74     40.00
log-0054                111816  10.00  1118.16    670.03     59.92
log-0055                 43808  10.00   438.08    225.71     51.52
log-0056                 61448  10.00   614.48    273.43     44.50
log-0058                 44381  10.00   443.81    388.83     87.61
log-0063                 40781  10.00   407.81    103.52     25.38
log-0071_183             65908  10.00   659.08    416.18     63.15
log-0072_184             58385  10.00   583.85    328.71     56.30
log-0073_185             39115  10.00   391.15    287.37     73.47
log-0078-valid           22949  10.00   229.49    132.58     57.77
log-0079                 46824  10.00   468.24    240.64     51.39
log-0080-valid           64718  10.00   647.18    325.16     50.24
log-0081                113665  10.00  1136.65    735.52     64.71
log-0098                 36717  10.00   367.17    224.16     61.05
log-0099                 65579  10.00   655.79    634.17     96.70
log-0113                 29498  10.00   294.98    232.51     78.82
log-0115                 18835  10.00   188.35    171.27     90.93
log-0116                 27283  10.00   272.83    175.91     64.48
log-0117                 14148  10.00   141.48    122.93     86.89
log-0118                 16328  10.00   163.28    110.30     67.55
log-0119                 19584  10.00   195.84    138.51     70.73
log-0120                  6011  10.00    60.11     49.73     82.73
log-0122                 43803  10.00   438.03    317.67     72.52
log-0125                 24913  10.00   249.13    187.66     75.33
log-0126                 14241  10.00   142.41     51.63     36.25
log-0127                 26922  10.00   269.22    102.15     37.94
log-0129                 77819  10.00   778.19    409.55     52.63
log-0132                 34660  10.00   346.60    266.61     76.92
log-0133                 10539  10.00   105.39     93.85     89.05
log-0145-filtered-c01    39029  10.00   390.29    349.46     89.54
log-0147-filtered-c01    20838  10.00   208.38     82.03     39.37
log-0147-filtered-c02    38239  10.00   382.39    320.57     83.83
log-0151-filtered-c01     9991  10.00    99.91     86.55     86.63
log-0152-filtered-c01    16176  10.00   161.76    150.07     92.77
log-0152-filtered-c02    10216  10.00   102.16     92.57     90.61
log-0155-filtered-c01    14580  10.00   145.80    133.20     91.36
log103                   72985  10.00   729.85    396.86     54.38
log104                   59770  10.00   597.70    398.16     66.62
log106                   19535  10.00   195.35    155.52     79.61
log107                   25307  10.00   253.07    167.41     66.15
log109                   21587  10.00   215.87    181.61     84.13
log110                   21450  10.00   214.50    171.50     79.95
log112                   63277  10.00   632.77    330.66     52.26

Error stats on active_mask (raw): travel/mag_model vs travel
log                      t   rmse  bin_rmse    mae      me  rms_trav
---------------------  ---  -----  --------  -----  ------  --------
log-0046               375   6.38      7.28   5.70   -5.54     20.26
log-0048               335   4.30      5.50   3.22   -2.15     22.18
log-0049               176  16.79     17.21  16.51  -16.50     21.97
log-0054               670   4.44      5.31   2.98   -1.66     17.56
log-0055               225   6.19      6.45   5.31    4.43     23.10
log-0056               273   7.44      7.52   6.66    6.37     22.20
log-0058               388   8.14      8.06   7.48    7.08     23.07
log-0063               103  12.49     12.81  11.92  -11.82     25.97
log-0071_183           416  17.37     17.33  17.16   17.13     21.35
log-0072_184           328   7.39      7.33   6.86    6.56     20.86
log-0073_185           287  17.37     18.48  16.89  -16.88     19.31
log-0078-valid         132  16.04     16.01  14.71   13.78     28.44
log-0079               240  38.42     38.95  37.83  -37.83     25.66
log-0080-valid         325  43.30     43.02  42.50   41.96     28.84
log-0081               735  13.89     12.63   9.54   -3.58     20.95
log-0098               224  16.57     15.34  14.93   12.81     26.56
log-0099               634  25.09     24.57  21.30  -21.28     19.93
log-0113               232   8.61     10.54   6.45   -5.06     26.39
log-0115               171  20.79     24.26  19.42  -19.42     23.61
log-0116               175   7.53      7.77   5.04    0.24     30.78
log-0117               122   4.69      5.10   3.25    0.82     25.87
log-0118               110  11.18     11.98   9.56   -8.74     36.41
log-0119               138   7.52      7.26   5.68    3.04     35.58
log-0120                49  23.06     24.06  21.21  -21.18     33.98
log-0122               317  24.87     26.03  22.76  -22.76     32.17
log-0125               187  34.31     34.93  33.18  -33.18     32.75
log-0126                51  23.99     25.41  22.87  -22.86     36.35
log-0127               102  12.47     11.89  11.05    9.89     34.97
log-0129               409  41.65     41.23  41.12   40.83     31.60
log-0132               266  21.93     22.76  18.61  -18.60     33.09
log-0133                93  10.54     11.84   8.52   -8.05     29.63
log-0145-filtered-c01  349  11.64      9.52   7.67   -7.40     18.03
log-0147-filtered-c01   82  32.30     32.97  31.79  -31.76     16.45
log-0147-filtered-c02  320  25.77     31.71  24.28   22.45     17.50
log-0151-filtered-c01   86  11.86     12.84   6.55   -2.75     19.79
log-0152-filtered-c01  150  20.78     24.22  20.19  -20.15     18.44
log-0152-filtered-c02   92  33.52     33.77  33.16  -33.13     14.28
log-0155-filtered-c01  133  36.62     38.00  36.23  -36.23     26.75
log103                 396  30.12     29.47  29.42  -29.27     22.63
log104                 398  27.96     29.03  27.33  -26.95     21.59
log106                 155  12.93     13.40  12.20  -12.12     22.68
log107                 167  20.87     20.67  20.52  -20.52     21.72
log109                 181  21.28     20.56  20.79  -20.79     22.05
log110                 171  21.29     21.76  20.53  -20.51     21.31
log112                 330  16.45     17.43  15.68  -15.34     22.93

Median                 224.00  16.79     17.33  16.51   -8.74     22.93
Mean                   251.07  18.63     19.20  17.26   -8.15     24.83
Std Dev                156.40  10.47     10.64  10.80   18.31      5.78

Error stats on active_mask (raw): travel/mag_model/adj vs travel
log                      t   rmse  bin_rmse    mae      me  rms_trav
---------------------  ---  -----  --------  -----  ------  --------
log-0046               375   6.38      7.28   5.70   -5.54     20.26
log-0048               335   4.30      5.50   3.22   -2.15     22.18
log-0049               176  16.79     17.21  16.51  -16.50     21.97
log-0054               670   4.44      5.31   2.98   -1.66     17.56
log-0055               225   6.19      6.45   5.31    4.43     23.10
log-0056               273   7.44      7.52   6.66    6.37     22.20
log-0058               388   8.14      8.06   7.48    7.08     23.07
log-0063               103  12.49     12.81  11.92  -11.82     25.97
log-0071_183           416  17.37     17.33  17.16   17.13     21.35
log-0072_184           328   7.39      7.33   6.86    6.56     20.86
log-0073_185           287  17.37     18.48  16.89  -16.88     19.31
log-0078-valid         132  16.04     16.01  14.71   13.78     28.44
log-0079               240  38.42     38.95  37.83  -37.83     25.66
log-0080-valid         325  43.30     43.02  42.50   41.96     28.84
log-0081               735  13.89     12.63   9.54   -3.58     20.95
log-0098               224  16.57     15.34  14.93   12.81     26.56
log-0099               634  25.09     24.57  21.30  -21.28     19.93
log-0113               232   8.61     10.54   6.45   -5.06     26.39
log-0115               171  20.79     24.26  19.42  -19.42     23.61
log-0116               175   7.53      7.77   5.04    0.24     30.78
log-0117               122   4.69      5.10   3.25    0.82     25.87
log-0118               110  11.18     11.98   9.56   -8.74     36.41
log-0119               138   7.52      7.26   5.68    3.04     35.58
log-0120                49  23.06     24.06  21.21  -21.18     33.98
log-0122               317  24.87     26.03  22.76  -22.76     32.17
log-0125               187  34.31     34.93  33.18  -33.18     32.75
log-0126                51  23.99     25.41  22.87  -22.86     36.35
log-0127               102  12.47     11.89  11.05    9.89     34.97
log-0129               409  41.65     41.23  41.12   40.83     31.60
log-0132               266  21.93     22.76  18.61  -18.60     33.09
log-0133                93  10.54     11.84   8.52   -8.05     29.63
log-0145-filtered-c01  349  11.64      9.52   7.67   -7.40     18.03
log-0147-filtered-c01   82  32.30     32.97  31.79  -31.76     16.45
log-0147-filtered-c02  320  25.77     31.71  24.28   22.45     17.50
log-0151-filtered-c01   86  11.86     12.84   6.55   -2.75     19.79
log-0152-filtered-c01  150  20.78     24.22  20.19  -20.15     18.44
log-0152-filtered-c02   92  33.52     33.77  33.16  -33.13     14.28
log-0155-filtered-c01  133  36.62     38.00  36.23  -36.23     26.75
log103                 396  30.12     29.47  29.42  -29.27     22.63
log104                 398  27.96     29.03  27.33  -26.95     21.59
log106                 155  12.93     13.40  12.20  -12.12     22.68
log107                 167  20.87     20.67  20.52  -20.52     21.72
log109                 181  21.28     20.56  20.79  -20.79     22.05
log110                 171  21.29     21.76  20.53  -20.51     21.31
log112                 330  16.45     17.43  15.68  -15.34     22.93

Median                 224.00  16.79     17.33  16.51   -8.74     22.93
Mean                   251.07  18.63     19.20  17.26   -8.15     24.83
Std Dev                156.40  10.47     10.64  10.80   18.31      5.78

Error stats on active_mask (raw): travel/solved vs travel
log                      t   rmse  bin_rmse    mae      me  rms_trav
---------------------  ---  -----  --------  -----  ------  --------
log-0046               375   3.91      4.39   3.19   -2.73     20.26
log-0048               335   3.11      3.59   2.22    0.95     22.18
log-0049               176   6.00      6.37   5.46   -5.31     21.97
log-0054               670   2.71      3.05   2.04   -0.28     17.56
log-0055               225   3.92      3.92   3.23   -2.70     23.10
log-0056               273   5.33      5.46   4.54    4.26     22.20
log-0058               388   3.23      3.52   2.32    0.69     23.07
log-0063               103   6.05      5.89   5.42    5.16     25.97
log-0071_183           416   8.78      8.73   8.40   -8.34     21.35
log-0072_184           328   3.39      3.61   2.47    1.71     20.86
log-0073_185           287   3.92      4.45   3.18   -2.79     19.31
log-0078-valid         132  14.47     13.97  13.41  -13.28     28.44
log-0079               240  13.09     13.66  12.10  -11.88     25.66
log-0080-valid         325   9.57      9.53   8.03   -7.81     28.84
log-0081               735   9.12      8.05   7.20   -0.76     20.95
log-0098               224   6.77      6.41   5.51    3.58     26.56
log-0099               634  13.56     13.43  11.12  -10.95     19.93
log-0113               232   8.24      9.08   7.36   -6.96     26.39
log-0115               171   9.61      8.55   8.61    7.69     23.61
log-0116               175  13.63     13.52  12.61   12.41     30.78
log-0117               122   7.37      8.08   6.48   -6.17     25.87
log-0118               110  18.22     17.94  17.06   16.97     36.41
log-0119               138   6.94      7.58   5.46   -2.66     35.58
log-0120                49   7.99      8.46   6.36   -5.37     33.98
log-0122               317  10.05      9.29   8.56    6.60     32.17
log-0125               187  16.27     16.79  14.91  -14.72     32.75
log-0126                51  57.81     56.51  57.23   57.22     36.35
log-0127               102  21.18     20.47  20.22   20.14     34.97
log-0129               409   7.42      7.61   6.03   -5.39     31.60
log-0132               266   8.22      8.02   5.86   -3.20     33.09
log-0133                93  12.49     12.26  11.32   11.10     29.63
log-0145-filtered-c01  349  11.00     12.30  10.02    8.84     18.03
log-0147-filtered-c01   82  12.80     13.43  11.68  -11.19     16.45
log-0147-filtered-c02  320  29.25     34.90  28.25   28.22     17.50
log-0151-filtered-c01   86  16.21     21.65  14.40   13.91     19.79
log-0152-filtered-c01  150   7.90     11.41   6.62   -6.23     18.44
log-0152-filtered-c02   92  12.24     12.46  11.40  -11.04     14.28
log-0155-filtered-c01  133  12.84     14.22  11.74  -11.38     26.75
log103                 396   8.73      9.01   7.93   -7.22     22.63
log104                 398   5.48      6.85   3.34    1.68     21.59
log106                 155   3.04      3.56   2.04   -0.08     22.68
log107                 167   3.11      3.97   2.01    0.09     21.72
log109                 181   7.41      7.18   6.77   -6.68     22.05
log110                 171   4.47      5.05   3.21   -2.49     21.31
log112                 330   5.14      6.21   4.00   -1.77     22.93

Median                 224.00   8.22      8.46   6.77   -2.49     22.93
Mean                   251.07  10.27     10.76   9.14    0.71     24.83
Std Dev                156.40   8.93      9.08   8.96   12.45      5.78

Error stats on active_mask (raw): travel/solved/mag_nuisance/delta_lifted vs travel
log                      t   rmse  bin_rmse    mae      me  rms_trav
---------------------  ---  -----  --------  -----  ------  --------
log-0046               375   6.23      6.96   5.55   -5.45     20.26
log-0048               335   4.51      5.86   3.16   -2.36     22.18
log-0049               176  16.64     17.07  16.39  -16.38     21.97
log-0054               670   4.13      4.93   2.67   -1.62     17.56
log-0055               225   5.96      6.22   5.30    4.41     23.10
log-0056               273   7.38      7.42   6.75    6.31     22.20
log-0058               388   7.97      7.71   7.39    6.72     23.07
log-0063               103  12.79     13.22  12.40  -12.40     25.97
log-0071_183           416  17.27     17.21  17.04   17.02     21.35
log-0072_184           328   7.52      7.53   7.01    6.78     20.86
log-0073_185           287  17.00     17.81  16.61  -16.60     19.31
log-0078-valid         132  14.88     15.37  13.86   13.34     28.44
log-0079               240  38.26     38.86  37.88  -37.88     25.66
log-0080-valid         325  42.49     42.46  42.04   41.88     28.84
log-0081               735  10.84     10.22   7.70   -2.93     20.95
log-0098               224  14.23     13.44  13.13   12.79     26.56
log-0099               634  22.22     22.61  20.20  -20.19     19.93
log-0113               232   7.44      8.92   5.87   -5.03     26.39
log-0115               171  19.94     22.99  18.91  -18.89     23.61
log-0116               175   6.16      6.34   4.52    0.71     30.78
log-0117               122   5.15      5.97   3.44    0.55     25.87
log-0118               110  11.28     11.97   9.72   -9.13     36.41
log-0119               138   7.14      6.97   5.51    3.26     35.58
log-0120                49  21.11     22.05  19.81  -19.78     33.98
log-0122               317  23.39     24.53  21.90  -21.89     32.17
log-0125               187  33.05     33.82  32.23  -32.23     32.75
log-0126                51  23.42     24.81  22.38  -22.35     36.35
log-0127               102  11.83     11.27  10.64    9.85     34.97
log-0129               409  41.48     41.08  41.10   41.06     31.60
log-0132               266  20.46     21.24  17.96  -17.92     33.09
log-0133                93   9.46     10.37   7.98   -7.58     29.63
log-0145-filtered-c01  349   9.83      8.20   6.76   -6.37     18.03
log-0147-filtered-c01   82  32.18     32.93  31.65  -31.60     16.45
log-0147-filtered-c02  320  25.23     30.92  24.02   23.43     17.50
log-0151-filtered-c01   86  11.43     12.39   6.43   -2.48     19.79
log-0152-filtered-c01  150  20.43     23.87  19.88  -19.82     18.44
log-0152-filtered-c02   92  33.49     33.72  33.15  -33.14     14.28
log-0155-filtered-c01  133  37.45     38.59  36.93  -36.89     26.75
log103                 396  29.28     29.33  28.88  -28.85     22.63
log104                 398  26.41     28.51  25.98  -25.72     21.59
log106                 155  12.66     13.10  12.12  -12.11     22.68
log107                 167  20.74     20.70  20.48  -20.48     21.72
log109                 181  20.86     20.41  20.55  -20.55     22.05
log110                 171  20.55     21.11  20.20  -20.20     21.31
log112                 330  15.97     17.25  15.23  -15.07     22.93

Median                 224.00  16.64     17.21  16.39   -9.13     22.93
Mean                   251.07  17.96     18.63  16.87   -7.91     24.83
Std Dev                156.40  10.44     10.66  10.80   18.21      5.78

Error stats on active_mask (raw): travel/mag_nuisance/corrected vs travel
log                      t   rmse  bin_rmse    mae      me  rms_trav
---------------------  ---  -----  --------  -----  ------  --------
log-0046               375   6.38      7.51   5.64   -5.56     20.26
log-0048               335   4.49      5.73   3.14   -2.37     22.18
log-0049               176  16.70     17.20  16.44  -16.44     21.97
log-0054               670   4.28      5.20   2.64   -1.67     17.56
log-0055               225   5.93      6.19   5.29    4.33     23.10
log-0056               273   7.30      7.31   6.71    6.15     22.20
log-0058               388   7.92      7.67   7.37    6.72     23.07
log-0063               103  12.72     13.16  12.31  -12.29     25.97
log-0071_183           416  17.19     17.10  17.00   16.94     21.35
log-0072_184           328   7.40      7.34   6.94    6.54     20.86
log-0073_185           287  17.28     18.47  16.83  -16.83     19.31
log-0078-valid         132  14.71     15.16  13.77   13.27     28.44
log-0079               240  38.17     38.82  37.84  -37.84     25.66
log-0080-valid         325  42.36     42.33  41.91   41.90     28.84
log-0081               735  10.97     10.40   7.70   -3.09     20.95
log-0098               224  14.02     13.22  13.03   12.75     26.56
log-0099               634  22.43     22.87  20.39  -20.38     19.93
log-0113               232   7.55      9.17   5.93   -5.11     26.39
log-0115               171  20.35     23.94  19.22  -19.22     23.61
log-0116               175   5.95      6.10   4.34    0.50     30.78
log-0117               122   5.03      5.76   3.27    0.42     25.87
log-0118               110  11.18     12.00   9.71   -9.32     36.41
log-0119               138   6.59      6.33   5.13    3.08     35.58
log-0120                49  21.74     22.80  20.43  -20.41     33.98
log-0122               317  23.87     25.17  22.30  -22.30     32.17
log-0125               187  33.42     34.19  32.59  -32.59     32.75
log-0126                51  23.58     25.08  22.67  -22.66     36.35
log-0127               102  11.64     10.99  10.50    9.92     34.97
log-0129               409  41.39     40.95  41.02   41.02     31.60
log-0132               266  20.98     21.94  18.31  -18.30     33.09
log-0133                93   9.43     10.39   8.06   -7.73     29.63
log-0145-filtered-c01  349  11.11      9.10   7.48   -7.22     18.03
log-0147-filtered-c01   82  32.32     32.98  31.82  -31.79     16.45
log-0147-filtered-c02  320  25.80     31.72  24.33   22.55     17.50
log-0151-filtered-c01   86  12.17     13.00   6.75   -2.95     19.79
log-0152-filtered-c01  150  20.77     24.22  20.20  -20.15     18.44
log-0152-filtered-c02   92  33.58     33.81  33.23  -33.20     14.28
log-0155-filtered-c01  133  36.82     38.11  36.45  -36.45     26.75
log103                 396  29.44     29.58  29.05  -29.04     22.63
log104                 398  26.96     29.12  26.56  -26.51     21.59
log106                 155  13.07     13.84  12.35  -12.35     22.68
log107                 167  20.79     20.80  20.49  -20.48     21.72
log109                 181  21.04     20.63  20.66  -20.66     22.05
log110                 171  20.82     21.63  20.33  -20.32     21.31
log112                 330  16.32     17.57  15.51  -15.45     22.93

Median                 224.00  16.70     17.20  16.44   -9.32     22.93
Mean                   251.07  18.09     18.81  16.97   -8.10     24.83
Std Dev                156.40  10.45     10.71  10.82   18.22      5.78


======================== CENTERED ERRORS ========================

Cache duration summary
log                    samples  dt_ms  total_s  active_s  active_%
---------------------  -------  -----  -------  --------  --------
log-0046                 61344  10.00   613.44    375.91     61.28
log-0048                108107  10.00  1081.07    335.74     31.06
log-0049                 44189  10.00   441.89    176.74     40.00
log-0054                111816  10.00  1118.16    670.03     59.92
log-0055                 43808  10.00   438.08    225.71     51.52
log-0056                 61448  10.00   614.48    273.43     44.50
log-0058                 44381  10.00   443.81    388.83     87.61
log-0063                 40781  10.00   407.81    103.52     25.38
log-0071_183             65908  10.00   659.08    416.18     63.15
log-0072_184             58385  10.00   583.85    328.71     56.30
log-0073_185             39115  10.00   391.15    287.37     73.47
log-0078-valid           22949  10.00   229.49    132.58     57.77
log-0079                 46824  10.00   468.24    240.64     51.39
log-0080-valid           64718  10.00   647.18    325.16     50.24
log-0081                113665  10.00  1136.65    735.52     64.71
log-0098                 36717  10.00   367.17    224.16     61.05
log-0099                 65579  10.00   655.79    634.17     96.70
log-0113                 29498  10.00   294.98    232.51     78.82
log-0115                 18835  10.00   188.35    171.27     90.93
log-0116                 27283  10.00   272.83    175.91     64.48
log-0117                 14148  10.00   141.48    122.93     86.89
log-0118                 16328  10.00   163.28    110.30     67.55
log-0119                 19584  10.00   195.84    138.51     70.73
log-0120                  6011  10.00    60.11     49.73     82.73
log-0122                 43803  10.00   438.03    317.67     72.52
log-0125                 24913  10.00   249.13    187.66     75.33
log-0126                 14241  10.00   142.41     51.63     36.25
log-0127                 26922  10.00   269.22    102.15     37.94
log-0129                 77819  10.00   778.19    409.55     52.63
log-0132                 34660  10.00   346.60    266.61     76.92
log-0133                 10539  10.00   105.39     93.85     89.05
log-0145-filtered-c01    39029  10.00   390.29    349.46     89.54
log-0147-filtered-c01    20838  10.00   208.38     82.03     39.37
log-0147-filtered-c02    38239  10.00   382.39    320.57     83.83
log-0151-filtered-c01     9991  10.00    99.91     86.55     86.63
log-0152-filtered-c01    16176  10.00   161.76    150.07     92.77
log-0152-filtered-c02    10216  10.00   102.16     92.57     90.61
log-0155-filtered-c01    14580  10.00   145.80    133.20     91.36
log103                   72985  10.00   729.85    396.86     54.38
log104                   59770  10.00   597.70    398.16     66.62
log106                   19535  10.00   195.35    155.52     79.61
log107                   25307  10.00   253.07    167.41     66.15
log109                   21587  10.00   215.87    181.61     84.13
log110                   21450  10.00   214.50    171.50     79.95
log112                   63277  10.00   632.77    330.66     52.26

Error stats on active_mask (centered): travel/mag_model vs travel
log                      t   rmse  bin_rmse    mae  nrmse  rms_trav
---------------------  ---  -----  --------  -----  -----  --------
log-0046               375   3.16      4.14   2.07   0.16     20.26
log-0048               335   3.72      4.48   2.38   0.17     22.18
log-0049               176   3.12      3.58   1.94   0.14     21.97
log-0054               670   4.12      4.79   2.75   0.23     17.56
log-0055               225   4.32      4.54   2.87   0.19     23.10
log-0056               273   3.84      4.21   2.56   0.17     22.20
log-0058               388   4.03      4.71   2.61   0.17     23.07
log-0063               103   4.04      4.53   2.72   0.16     25.97
log-0071_183           416   2.83      2.97   1.85   0.13     21.35
log-0072_184           328   3.40      3.68   2.18   0.16     20.86
log-0073_185           287   4.08      4.93   2.66   0.21     19.31
log-0078-valid         132   8.20      7.66   6.16   0.29     28.44
log-0079               240   6.70      5.98   5.14   0.26     25.66
log-0080-valid         325  10.67     10.75   6.74   0.37     28.84
log-0081               735  13.42     12.38  10.22   0.64     20.95
log-0098               224  10.51     10.09   7.04   0.40     26.56
log-0099               634  13.28     11.24  10.80   0.67     19.93
log-0113               232   6.97      8.24   4.62   0.26     26.39
log-0115               171   7.41      8.46   5.17   0.31     23.61
log-0116               175   7.52      7.78   4.98   0.24     30.78
log-0117               122   4.62      5.18   3.10   0.18     25.87
log-0118               110   6.97      7.51   5.40   0.19     36.41
log-0119               138   6.87      7.01   5.12   0.19     35.58
log-0120                49   9.12      9.17   6.80   0.27     33.98
log-0122               317  10.04      9.71   7.65   0.31     32.17
log-0125               187   8.74      7.92   6.56   0.27     32.75
log-0126                51   7.27      7.48   5.93   0.20     36.35
log-0127               102   7.60      7.77   5.12   0.22     34.97
log-0129               409   8.23      9.24   5.07   0.26     31.60
log-0132               266  11.61     11.82   8.85   0.35     33.09
log-0133                93   6.80      7.68   4.85   0.23     29.63
log-0145-filtered-c01  349   8.98      8.40   6.81   0.50     18.03
log-0147-filtered-c01   82   5.92      5.38   4.58   0.36     16.45
log-0147-filtered-c02  320  12.66     15.11   7.22   0.72     17.50
log-0151-filtered-c01   86  11.53     13.80   7.18   0.58     19.79
log-0152-filtered-c01  150   5.10      6.79   3.66   0.28     18.44
log-0152-filtered-c02   92   5.07      4.56   3.81   0.36     14.28
log-0155-filtered-c01  133   5.38      5.22   4.39   0.20     26.75
log103                 396   7.10      7.98   4.22   0.31     22.63
log104                 398   7.46      9.31   4.02   0.35     21.59
log106                 155   4.51      5.54   2.69   0.20     22.68
log107                 167   3.82      4.84   2.40   0.18     21.72
log109                 181   4.54      5.94   2.96   0.21     22.05
log110                 171   5.70      6.72   3.53   0.27     21.31
log112                 330   5.93      7.08   3.84   0.26     22.93

Median                 224.00   6.80      7.08   4.58   0.26     22.93
Mean                   251.07   6.82      7.25   4.74   0.28     24.83
Std Dev                156.40   2.86      2.78   2.17   0.14      5.78

Error stats on active_mask (centered): travel/mag_model/adj vs travel
log                      t   rmse  bin_rmse    mae  nrmse  rms_trav
---------------------  ---  -----  --------  -----  -----  --------
log-0046               375   3.16      4.14   2.07   0.16     20.26
log-0048               335   3.72      4.48   2.38   0.17     22.18
log-0049               176   3.12      3.58   1.94   0.14     21.97
log-0054               670   4.12      4.79   2.75   0.23     17.56
log-0055               225   4.32      4.54   2.87   0.19     23.10
log-0056               273   3.84      4.21   2.56   0.17     22.20
log-0058               388   4.03      4.71   2.61   0.17     23.07
log-0063               103   4.04      4.53   2.72   0.16     25.97
log-0071_183           416   2.83      2.97   1.85   0.13     21.35
log-0072_184           328   3.40      3.68   2.18   0.16     20.86
log-0073_185           287   4.08      4.93   2.66   0.21     19.31
log-0078-valid         132   8.20      7.66   6.16   0.29     28.44
log-0079               240   6.70      5.98   5.14   0.26     25.66
log-0080-valid         325  10.67     10.75   6.74   0.37     28.84
log-0081               735  13.42     12.38  10.22   0.64     20.95
log-0098               224  10.51     10.09   7.04   0.40     26.56
log-0099               634  13.28     11.24  10.80   0.67     19.93
log-0113               232   6.97      8.24   4.62   0.26     26.39
log-0115               171   7.41      8.46   5.17   0.31     23.61
log-0116               175   7.52      7.78   4.98   0.24     30.78
log-0117               122   4.62      5.18   3.10   0.18     25.87
log-0118               110   6.97      7.51   5.40   0.19     36.41
log-0119               138   6.87      7.01   5.12   0.19     35.58
log-0120                49   9.12      9.17   6.80   0.27     33.98
log-0122               317  10.04      9.71   7.65   0.31     32.17
log-0125               187   8.74      7.92   6.56   0.27     32.75
log-0126                51   7.27      7.48   5.93   0.20     36.35
log-0127               102   7.60      7.77   5.12   0.22     34.97
log-0129               409   8.23      9.24   5.07   0.26     31.60
log-0132               266  11.61     11.82   8.85   0.35     33.09
log-0133                93   6.80      7.68   4.85   0.23     29.63
log-0145-filtered-c01  349   8.98      8.40   6.81   0.50     18.03
log-0147-filtered-c01   82   5.92      5.38   4.58   0.36     16.45
log-0147-filtered-c02  320  12.66     15.11   7.22   0.72     17.50
log-0151-filtered-c01   86  11.53     13.80   7.18   0.58     19.79
log-0152-filtered-c01  150   5.10      6.79   3.66   0.28     18.44
log-0152-filtered-c02   92   5.07      4.56   3.81   0.36     14.28
log-0155-filtered-c01  133   5.38      5.22   4.39   0.20     26.75
log103                 396   7.10      7.98   4.22   0.31     22.63
log104                 398   7.46      9.31   4.02   0.35     21.59
log106                 155   4.51      5.54   2.69   0.20     22.68
log107                 167   3.82      4.84   2.40   0.18     21.72
log109                 181   4.54      5.94   2.96   0.21     22.05
log110                 171   5.70      6.72   3.53   0.27     21.31
log112                 330   5.93      7.08   3.84   0.26     22.93

Median                 224.00   6.80      7.08   4.58   0.26     22.93
Mean                   251.07   6.82      7.25   4.74   0.28     24.83
Std Dev                156.40   2.86      2.78   2.17   0.14      5.78

Error stats on active_mask (centered): travel/solved vs travel
log                      t  rmse  bin_rmse   mae  nrmse  rms_trav
---------------------  ---  ----  --------  ----  -----  --------
log-0046               375  2.80      3.34  2.01   0.14     20.26
log-0048               335  2.96      3.82  2.13   0.13     22.18
log-0049               176  2.81      3.14  1.86   0.13     21.97
log-0054               670  2.70      3.00  2.03   0.15     17.56
log-0055               225  2.85      3.03  2.14   0.12     23.10
log-0056               273  3.21      3.55  2.37   0.14     22.20
log-0058               388  3.15      3.53  2.27   0.14     23.07
log-0063               103  3.15      3.39  2.32   0.12     25.97
log-0071_183           416  2.73      2.84  1.88   0.13     21.35
log-0072_184           328  2.92      3.23  2.06   0.14     20.86
log-0073_185           287  2.75      3.17  1.85   0.14     19.31
log-0078-valid         132  5.74      5.80  4.43   0.20     28.44
log-0079               240  5.49      5.65  4.14   0.21     25.66
log-0080-valid         325  5.53      5.53  4.30   0.19     28.84
log-0081               735  9.09      8.14  7.33   0.43     20.95
log-0098               224  5.75      5.85  4.33   0.22     26.56
log-0099               634  8.00      7.16  6.67   0.40     19.93
log-0113               232  4.41      4.59  3.43   0.17     26.39
log-0115               171  5.77      7.14  4.20   0.24     23.61
log-0116               175  5.62      5.73  4.15   0.18     30.78
log-0117               122  4.02      4.54  2.94   0.16     25.87
log-0118               110  6.62      7.06  5.06   0.18     36.41
log-0119               138  6.41      6.78  4.92   0.18     35.58
log-0120                49  5.92      6.08  4.42   0.17     33.98
log-0122               317  7.58      7.66  5.97   0.24     32.17
log-0125               187  6.93      6.76  5.51   0.21     32.75
log-0126                51  8.24      8.15  6.19   0.23     36.35
log-0127               102  6.55      6.82  4.86   0.19     34.97
log-0129               409  5.11      5.10  3.98   0.16     31.60
log-0132               266  7.57      7.25  5.86   0.23     33.09
log-0133                93  5.71      6.29  4.30   0.19     29.63
log-0145-filtered-c01  349  6.54      6.47  5.03   0.36     18.03
log-0147-filtered-c01   82  6.23      5.85  4.63   0.38     16.45
log-0147-filtered-c02  320  7.70     11.36  5.36   0.44     17.50
log-0151-filtered-c01   86  8.33     11.38  5.50   0.42     19.79
log-0152-filtered-c01  150  4.85      6.99  3.66   0.26     18.44
log-0152-filtered-c02   92  5.28      4.83  3.93   0.37     14.28
log-0155-filtered-c01  133  5.95      6.06  4.47   0.22     26.75
log103                 396  4.91      5.46  3.26   0.22     22.63
log104                 398  5.22      7.04  3.24   0.24     21.59
log106                 155  3.04      3.56  2.05   0.13     22.68
log107                 167  3.11      3.95  2.00   0.14     21.72
log109                 181  3.20      4.48  2.28   0.15     22.05
log110                 171  3.71      4.31  2.41   0.17     21.31
log112                 330  4.83      5.70  3.38   0.21     22.93

Median                 224.00  5.28      5.70  3.98   0.19     22.93
Mean                   251.07  5.13      5.59  3.80   0.21     24.83
Std Dev                156.40  1.82      1.98  1.47   0.09      5.78

Error stats on active_mask (centered): travel/solved/mag_nuisance/delta_lifted vs travel
log                      t   rmse  bin_rmse   mae  nrmse  rms_trav
---------------------  ---  -----  --------  ----  -----  --------
log-0046               375   3.02      3.69  2.09   0.15     20.26
log-0048               335   3.84      4.62  2.49   0.17     22.18
log-0049               176   2.91      3.25  1.96   0.13     21.97
log-0054               670   3.80      4.41  2.46   0.22     17.56
log-0055               225   4.00      4.25  2.67   0.17     23.10
log-0056               273   3.83      4.26  2.59   0.17     22.20
log-0058               388   4.28      4.84  2.76   0.19     23.07
log-0063               103   3.15      3.33  2.27   0.12     25.97
log-0071_183           416   2.93      3.14  1.93   0.14     21.35
log-0072_184           328   3.25      3.50  2.20   0.16     20.86
log-0073_185           287   3.65      4.26  2.48   0.19     19.31
log-0078-valid         132   6.59      6.61  4.89   0.23     28.44
log-0079               240   5.36      5.37  4.13   0.21     25.66
log-0080-valid         325   7.17      7.50  4.83   0.25     28.84
log-0081               735  10.43     10.06  8.12   0.50     20.95
log-0098               224   6.23      6.33  4.50   0.23     26.56
log-0099               634   9.28      8.63  7.57   0.47     19.93
log-0113               232   5.49      6.20  3.85   0.21     26.39
log-0115               171   6.37      7.68  4.65   0.27     23.61
log-0116               175   6.12      6.34  4.36   0.20     30.78
log-0117               122   5.12      6.03  3.35   0.20     25.87
log-0118               110   6.63      7.04  5.01   0.18     36.41
log-0119               138   6.35      6.60  4.84   0.18     35.58
log-0120                49   7.38      7.67  5.61   0.22     33.98
log-0122               317   8.25      8.20  6.47   0.26     32.17
log-0125               187   7.33      6.92  5.65   0.22     32.75
log-0126                51   6.99      7.33  5.66   0.19     36.35
log-0127               102   6.56      6.80  4.83   0.19     34.97
log-0129               409   5.89      6.17  4.34   0.19     31.60
log-0132               266   9.86     10.18  7.70   0.30     33.09
log-0133                93   5.66      6.21  4.27   0.19     29.63
log-0145-filtered-c01  349   7.49      7.19  5.61   0.42     18.03
log-0147-filtered-c01   82   6.07      5.65  4.52   0.37     16.45
log-0147-filtered-c02  320   9.34     12.50  6.04   0.53     17.50
log-0151-filtered-c01   86  11.16     13.26  6.87   0.56     19.79
log-0152-filtered-c01  150   4.92      6.84  3.65   0.27     18.44
log-0152-filtered-c02   92   4.89      4.55  3.63   0.34     14.28
log-0155-filtered-c01  133   6.50      6.17  4.81   0.24     26.75
log103                 396   5.02      5.51  3.28   0.22     22.63
log104                 398   6.00      7.97  3.42   0.28     21.59
log106                 155   3.71      4.42  2.41   0.16     22.68
log107                 167   3.22      4.11  2.15   0.15     21.72
log109                 181   3.60      4.95  2.51   0.16     22.05
log110                 171   3.78      4.29  2.60   0.18     21.31
log112                 330   5.27      6.40  3.54   0.23     22.93

Median                 224.00   5.66      6.20  4.13   0.21     22.93
Mean                   251.07   5.75      6.25  4.12   0.24     24.83
Std Dev                156.40   2.08      2.21  1.63   0.10      5.78

Error stats on active_mask (centered): travel/mag_nuisance/corrected vs travel
log                      t   rmse  bin_rmse   mae  nrmse  rms_trav
---------------------  ---  -----  --------  ----  -----  --------
log-0046               375   3.13      4.11  2.08   0.15     20.26
log-0048               335   3.82      4.49  2.42   0.17     22.18
log-0049               176   2.98      3.36  1.95   0.14     21.97
log-0054               670   3.94      4.65  2.41   0.22     17.56
log-0055               225   4.06      4.32  2.61   0.18     23.10
log-0056               273   3.94      4.36  2.49   0.18     22.20
log-0058               388   4.18      4.95  2.54   0.18     23.07
log-0063               103   3.25      3.51  2.33   0.12     25.97
log-0071_183           416   2.94      3.14  1.78   0.14     21.35
log-0072_184           328   3.46      3.67  2.14   0.17     20.86
log-0073_185           287   3.93      4.77  2.58   0.20     19.31
log-0078-valid         132   6.35      6.24  4.68   0.22     28.44
log-0079               240   5.01      5.03  3.91   0.20     25.66
log-0080-valid         325   6.29      6.42  4.60   0.22     28.84
log-0081               735  10.53     10.20  8.17   0.50     20.95
log-0098               224   5.85      5.95  4.27   0.22     26.56
log-0099               634   9.37      8.63  7.66   0.47     19.93
log-0113               232   5.55      6.31  3.86   0.21     26.39
log-0115               171   6.70      8.05  4.88   0.28     23.61
log-0116               175   5.93      6.12  4.22   0.19     30.78
log-0117               122   5.01      5.82  3.19   0.19     25.87
log-0118               110   6.17      6.48  4.75   0.17     36.41
log-0119               138   5.83      6.03  4.50   0.16     35.58
log-0120                49   7.50      7.64  5.80   0.22     33.98
log-0122               317   8.52      8.34  6.76   0.26     32.17
log-0125               187   7.43      6.81  5.68   0.23     32.75
log-0126                51   6.52      6.84  5.32   0.18     36.35
log-0127               102   6.09      6.28  4.54   0.17     34.97
log-0129               409   5.59      5.77  4.22   0.18     31.60
log-0132               266  10.26     10.63  8.05   0.31     33.09
log-0133                93   5.41      5.88  4.10   0.18     29.63
log-0145-filtered-c01  349   8.45      7.97  6.55   0.47     18.03
log-0147-filtered-c01   82   5.85      5.32  4.53   0.36     16.45
log-0147-filtered-c02  320  12.52     14.99  7.08   0.72     17.50
log-0151-filtered-c01   86  11.81     14.01  7.46   0.60     19.79
log-0152-filtered-c01  150   5.03      6.75  3.62   0.27     18.44
log-0152-filtered-c02   92   5.00      4.50  3.75   0.35     14.28
log-0155-filtered-c01  133   5.25      5.08  4.30   0.20     26.75
log103                 396   4.85      5.80  3.25   0.21     22.63
log104                 398   4.93      6.81  3.12   0.23     21.59
log106                 155   4.29      5.27  2.71   0.19     22.68
log107                 167   3.56      4.56  2.26   0.16     21.72
log109                 181   3.98      5.46  2.65   0.18     22.05
log110                 171   4.53      5.35  2.91   0.21     21.31
log112                 330   5.27      6.32  3.54   0.23     22.93

Median                 224.00   5.27      5.88  3.91   0.20     22.93
Mean                   251.07   5.80      6.29  4.14   0.24     24.83
Std Dev                156.40   2.26      2.39  1.74   0.12      5.78
