Experiment: harry-boringmask200mm-fix-newtza
ID: 20260908T234936Z-harry-boringmask200mm-fix-newtza
Created: 2026-09-08T16:49:36-07:00
Group: harry
Tags: none
Pipeline code: 558dbe0da7c5
Experiment fingerprint: 7fe3057942380c369fc4dd4141ab3b037cfa7647d211eefb4e1aaf1181b44a9b
Notes: (none)

======================== UNCENTERED ERRORS ========================

Cache duration summary
log       samples  dt_ms  total_s  boring_s  boring_%
--------  -------  -----  -------  --------  --------
log-0113    29498  10.00   294.98    236.19     80.07
log-0115    18835  10.00   188.35    171.92     91.28
log-0116    27283  10.00   272.83    180.12     66.02
log-0117    14148  10.00   141.48    123.56     87.33
log-0118    16328  10.00   163.28    110.60     67.74
log-0119    19584  10.00   195.84    139.52     71.24
log-0120     6011  10.00    60.11     49.68     82.65
log-0122    43803  10.00   438.03    320.51     73.17
log-0125    24913  10.00   249.13    189.97     76.25
log-0126    14241  10.00   142.41     54.49     38.26
log-0127    26922  10.00   269.22    105.01     39.01
log-0129    77819  10.00   778.19    415.56     53.40
log-0132    34660  10.00   346.60    267.48     77.17
log-0133    10539  10.00   105.39     93.82     89.02

Error stats on boring_mask (raw): travel/mag_model vs travel
log         t   rmse  bin_rmse    mae      me  rms_trav
--------  ---  -----  --------  -----  ------  --------
log-0113  236  30.88     33.26  30.16  -30.16     29.28
log-0115  171  41.52     43.91  41.03  -41.03     26.42
log-0116  180  22.82     23.79  21.63  -21.62     34.57
log-0117  123  17.47     20.04  16.60  -16.59     28.77
log-0118  110  40.71     40.24  39.74  -39.74     40.18
log-0119  139  27.05     27.68  26.02  -26.02     39.62
log-0120   49  29.12     30.03  28.31  -28.31     37.74
log-0122  320  45.68     46.64  44.99  -44.99     35.94
log-0125  189  49.13     49.67  48.41  -48.41     36.34
log-0126   54  49.31     50.37  48.16  -48.16     40.37
log-0127  105  33.24     34.16  32.36  -32.35     39.60
log-0129  415  14.22     16.48  11.16  -10.77     34.86
log-0132  267  44.57     45.16  43.38  -43.38     36.68
log-0133   93  23.53     25.14  22.35  -22.32     32.73

Median    155.00  32.06     33.71  31.26  -31.25     36.14
Mean      175.07  33.52     34.76  32.45  -32.42     35.22
Std Dev   100.50  11.31     10.92  11.63   11.68      4.32

Error stats on boring_mask (raw): travel/mag_model/adj vs travel
log         t   rmse  bin_rmse    mae      me  rms_trav
--------  ---  -----  --------  -----  ------  --------
log-0113  236  24.04     26.41  23.11  -23.10     29.28
log-0115  171   7.23      6.76   6.06    3.49     26.42
log-0116  180  24.71     25.68  23.61  -23.61     34.57
log-0117  123   5.87      6.45   4.66    2.08     28.77
log-0118  110  25.44     25.03  23.90  -23.85     40.18
log-0119  139  11.34     11.98   9.48   -8.60     39.62
log-0120   49  12.49     13.29  10.68  -10.45     37.74
log-0122  320  17.99     18.78  16.19  -16.17     35.94
log-0125  189  25.07     25.56  23.61  -23.61     36.34
log-0126   54  29.33     30.38  27.37  -27.36     40.37
log-0127  105   8.29      8.79   6.48   -3.16     39.60
log-0129  415  27.21     29.27  25.58  -25.58     34.86
log-0132  267  23.81     24.23  21.51  -21.51     36.68
log-0133   93  21.90     23.52  20.63  -20.60     32.73

Median    155.00  22.86     23.88  21.07  -21.05     36.14
Mean      175.07  18.91     19.72  17.35  -15.86     35.22
Std Dev   100.50   7.88      8.23   7.86   10.20      4.32

Error stats on boring_mask (raw): travel/solved vs travel
log         t   rmse  bin_rmse    mae      me  rms_trav
--------  ---  -----  --------  -----  ------  --------
log-0113  236  21.31     22.91  20.37  -20.32     29.28
log-0115  171   8.22      9.02   6.74    5.03     26.42
log-0116  180  21.85     22.12  20.71  -20.64     34.57
log-0117  123   6.42      7.27   5.05    3.14     28.77
log-0118  110  24.72     23.81  22.76  -22.23     40.18
log-0119  139  10.99     11.49   9.04   -6.80     39.62
log-0120   49  10.98     11.39   9.35   -8.08     37.74
log-0122  320  15.54     16.30  13.99  -13.56     35.94
log-0125  189  22.53     23.04  21.03  -20.88     36.34
log-0126   54  28.16     29.26  25.70  -25.41     40.37
log-0127  105   8.43      8.81   6.49   -0.77     39.60
log-0129  415  23.19     23.03  22.00  -21.95     34.86
log-0132  267  18.68     18.55  17.24  -17.03     36.68
log-0133   93  19.95     20.16  18.68  -18.60     32.73

Median    155.00  19.31     19.35  17.96  -17.81     36.14
Mean      175.07  17.21     17.65  15.65  -13.43     35.22
Std Dev   100.50   6.78      6.68   6.77    9.77      4.32

Error stats on boring_mask (raw): travel/solved/mag_nuisance/delta_lifted vs travel
log         t   rmse  bin_rmse    mae      me  rms_trav
--------  ---  -----  --------  -----  ------  --------
log-0113  236  21.65     23.19  20.78  -20.76     29.28
log-0115  171   7.63      7.79   6.35    4.34     26.42
log-0116  180  22.07     22.34  20.97  -20.94     34.57
log-0117  123   6.07      6.59   4.83    2.84     28.77
log-0118  110  25.01     24.18  23.19  -22.77     40.18
log-0119  139  11.08     11.55   9.08   -7.72     39.62
log-0120   49  11.20     11.57   9.55   -8.84     37.74
log-0122  320  16.23     16.95  14.76  -14.53     35.94
log-0125  189  23.18     23.66  21.78  -21.74     36.34
log-0126   54  28.50     29.57  26.24  -26.17     40.37
log-0127  105   7.95      8.27   6.15   -2.03     39.60
log-0129  415  23.37     23.18  22.19  -22.17     34.86
log-0132  267  19.31     19.11  17.82  -17.69     36.68
log-0133   93  20.27     20.57  19.07  -19.03     32.73

Median    155.00  19.79     19.84  18.45  -18.36     36.14
Mean      175.07  17.39     17.75  15.91  -14.09     35.22
Std Dev   100.50   7.04      7.06   7.04    9.69      4.32

Error stats on boring_mask (raw): travel/mag_nuisance/corrected vs travel
log         t   rmse  bin_rmse    mae      me  rms_trav
--------  ---  -----  --------  -----  ------  --------
log-0113  236  21.87     23.87  21.15  -21.15     29.28
log-0115  171   6.96      6.64   5.93    3.87     26.42
log-0116  180  22.30     22.82  21.43  -21.43     34.57
log-0117  123   5.73      6.10   4.65    2.75     28.77
log-0118  110  25.00     24.35  23.36  -22.97     40.18
log-0119  139  10.59     11.19   8.73   -7.96     39.62
log-0120   49  11.05     11.66   9.59   -9.29     37.74
log-0122  320  16.60     17.43  15.24  -15.22     35.94
log-0125  189  23.37     23.99  22.15  -22.15     36.34
log-0126   54  28.62     29.76  26.61  -26.60     40.37
log-0127  105   7.46      7.95   5.90   -2.39     39.60
log-0129  415  23.89     24.25  22.92  -22.92     34.86
log-0132  267  19.96     20.16  18.66  -18.65     36.68
log-0133   93  20.34     21.07  19.31  -19.28     32.73

Median    155.00  20.15     20.62  18.98  -18.97     36.14
Mean      175.07  17.41     17.94  16.12  -14.53     35.22
Std Dev   100.50   7.33      7.48   7.33    9.75      4.32


======================== CENTERED ERRORS ========================

Cache duration summary
log       samples  dt_ms  total_s  boring_s  boring_%
--------  -------  -----  -------  --------  --------
log-0113    29498  10.00   294.98    236.19     80.07
log-0115    18835  10.00   188.35    171.92     91.28
log-0116    27283  10.00   272.83    180.12     66.02
log-0117    14148  10.00   141.48    123.56     87.33
log-0118    16328  10.00   163.28    110.60     67.74
log-0119    19584  10.00   195.84    139.52     71.24
log-0120     6011  10.00    60.11     49.68     82.65
log-0122    43803  10.00   438.03    320.51     73.17
log-0125    24913  10.00   249.13    189.97     76.25
log-0126    14241  10.00   142.41     54.49     38.26
log-0127    26922  10.00   269.22    105.01     39.01
log-0129    77819  10.00   778.19    415.56     53.40
log-0132    34660  10.00   346.60    267.48     77.17
log-0133    10539  10.00   105.39     93.82     89.02

Error stats on boring_mask (centered): travel/mag_model vs travel
log         t   rmse  bin_rmse   mae     me  rms_trav
--------  ---  -----  --------  ----  -----  --------
log-0113  236   6.64      7.58  5.10   0.00     29.28
log-0115  171   6.33      7.08  4.79  -0.00     26.42
log-0116  180   7.28      7.63  5.39   0.00     34.57
log-0117  123   5.49      6.87  4.20   0.00     28.77
log-0118  110   8.83      9.11  7.32  -0.00     40.18
log-0119  139   7.39      7.73  6.08   0.00     39.62
log-0120   49   6.84      6.93  5.32   0.00     37.74
log-0122  320   7.90      7.60  6.22   0.00     35.94
log-0125  189   8.42      8.28  6.78   0.00     36.34
log-0126   54  10.57     10.86  8.64  -0.00     40.37
log-0127  105   7.67      7.85  6.14  -0.00     39.60
log-0129  415   9.29     11.01  6.61  -0.00     34.86
log-0132  267  10.22      9.55  7.77   0.00     36.68
log-0133   93   7.43      8.63  5.66  -0.00     32.73

Median    155.00   7.55      7.79  6.11   0.00     36.14
Mean      175.07   7.88      8.34  6.14  -0.00     35.22
Std Dev   100.50   1.40      1.30  1.17   0.00      4.32

Error stats on boring_mask (centered): travel/mag_model/adj vs travel
log         t   rmse  bin_rmse   mae     me  rms_trav
--------  ---  -----  --------  ----  -----  --------
log-0113  236   6.64      7.58  5.10   0.00     29.28
log-0115  171   6.33      7.08  4.79  -0.00     26.42
log-0116  180   7.28      7.63  5.39   0.00     34.57
log-0117  123   5.49      6.87  4.20   0.00     28.77
log-0118  110   8.83      9.11  7.32  -0.00     40.18
log-0119  139   7.39      7.73  6.08   0.00     39.62
log-0120   49   6.84      6.93  5.32   0.00     37.74
log-0122  320   7.90      7.60  6.22  -0.00     35.94
log-0125  189   8.42      8.28  6.78   0.00     36.34
log-0126   54  10.57     10.86  8.64  -0.00     40.37
log-0127  105   7.67      7.85  6.14  -0.00     39.60
log-0129  415   9.29     11.01  6.61  -0.00     34.86
log-0132  267  10.22      9.55  7.77   0.00     36.68
log-0133   93   7.43      8.63  5.66  -0.00     32.73

Median    155.00   7.55      7.79  6.11  -0.00     36.14
Mean      175.07   7.88      8.34  6.14  -0.00     35.22
Std Dev   100.50   1.40      1.30  1.17   0.00      4.32

Error stats on boring_mask (centered): travel/solved vs travel
log         t   rmse  bin_rmse   mae     me  rms_trav
--------  ---  -----  --------  ----  -----  --------
log-0113  236   6.43      8.38  4.99   0.00     29.28
log-0115  171   6.50      8.41  4.80  -0.00     26.42
log-0116  180   7.17      7.99  5.63   0.00     34.57
log-0117  123   5.60      7.19  4.31   0.00     28.77
log-0118  110  10.80     11.89  8.49  -0.00     40.18
log-0119  139   8.63      9.13  6.90   0.00     39.62
log-0120   49   7.43      7.82  5.73   0.00     37.74
log-0122  320   7.59      8.02  5.97   0.00     35.94
log-0125  189   8.47      9.00  6.78  -0.00     36.34
log-0126   54  12.15     12.69  9.65  -0.00     40.37
log-0127  105   8.40      8.72  6.47   0.00     39.60
log-0129  415   7.48      8.51  5.93  -0.00     34.86
log-0132  267   7.68      7.59  5.88   0.00     36.68
log-0133   93   7.22      8.53  5.73  -0.00     32.73

Median    155.00   7.53      8.46  5.90   0.00     36.14
Mean      175.07   7.97      8.85  6.23  -0.00     35.22
Std Dev   100.50   1.66      1.50  1.36   0.00      4.32

Error stats on boring_mask (centered): travel/solved/mag_nuisance/delta_lifted vs travel
log         t   rmse  bin_rmse   mae     me  rms_trav
--------  ---  -----  --------  ----  -----  --------
log-0113  236   6.12      7.78  4.82   0.00     29.28
log-0115  171   6.27      7.60  4.73  -0.00     26.42
log-0116  180   6.97      7.71  5.52   0.00     34.57
log-0117  123   5.37      6.67  4.15   0.00     28.77
log-0118  110  10.36     11.21  8.14  -0.00     40.18
log-0119  139   7.95      8.32  6.40   0.00     39.62
log-0120   49   6.88      7.05  5.28   0.00     37.74
log-0122  320   7.23      7.41  5.73   0.00     35.94
log-0125  189   8.06      8.38  6.48   0.00     36.34
log-0126   54  11.28     11.74  9.19  -0.00     40.37
log-0127  105   7.69      7.83  6.03  -0.00     39.60
log-0129  415   7.39      8.32  5.93  -0.00     34.86
log-0132  267   7.74      7.38  5.94   0.00     36.68
log-0133   93   6.97      7.98  5.55  -0.00     32.73

Median    155.00   7.31      7.81  5.83   0.00     36.14
Mean      175.07   7.59      8.24  5.99  -0.00     35.22
Std Dev   100.50   1.51      1.40  1.27   0.00      4.32

Error stats on boring_mask (centered): travel/mag_nuisance/corrected vs travel
log         t   rmse  bin_rmse   mae     me  rms_trav
--------  ---  -----  --------  ----  -----  --------
log-0113  236   5.58      6.89  4.46   0.00     29.28
log-0115  171   5.78      6.83  4.51  -0.00     26.42
log-0116  180   6.17      6.76  4.99   0.00     34.57
log-0117  123   5.03      6.35  4.00   0.00     28.77
log-0118  110   9.85     10.52  7.79   0.00     40.18
log-0119  139   6.98      7.34  5.84   0.00     39.62
log-0120   49   5.98      6.04  4.69   0.00     37.74
log-0122  320   6.63      6.50  5.43   0.00     35.94
log-0125  189   7.43      7.65  6.03   0.00     36.34
log-0126   54  10.56     10.96  8.59  -0.00     40.37
log-0127  105   7.06      7.30  5.71   0.00     39.60
log-0129  415   6.74      7.53  5.34  -0.00     34.86
log-0132  267   7.11      6.65  5.61   0.00     36.68
log-0133   93   6.47      7.27  5.16   0.00     32.73

Median    155.00   6.69      7.08  5.38   0.00     36.14
Mean      175.07   6.95      7.47  5.58   0.00     35.22
Std Dev   100.50   1.48      1.41  1.21   0.00      4.32
