Experiment: mag_corr_podv2
ID: 20260903T040406Z-mag-corr-podv2
Created: 2026-09-02T21:04:06-07:00
Group: registry query/all usable
Tags: none
Pipeline code: bd71383ede00
Experiment fingerprint: 6b1b3fe220f2cf69d6115af16e83fe27160cbca81f6a3317a2097863a809b7cd
Notes: (none)

======================== UNCENTERED ERRORS ========================

Cache duration summary
log             samples  dt_ms  total_s  boring_s  boring_%
--------------  -------  -----  -------  --------  --------
log-0046          61344  10.00   613.44    385.08     62.77
log-0048         108107  10.00  1081.07    348.44     32.23
log-0049          44189  10.00   441.89    207.58     46.98
log-0054         111816  10.00  1118.16    688.03     61.53
log-0055          43808  10.00   438.08    233.04     53.20
log-0056          61448  10.00   614.48    285.93     46.53
log-0058          44381  10.00   443.81    392.61     88.46
log-0063          40781  10.00   407.81    124.37     30.50
log-0071_183      65908  10.00   659.08    434.32     65.90
log-0072_184      58385  10.00   583.85    347.94     59.59
log-0073_185      39115  10.00   391.15    301.84     77.17
log-0078-valid    22949  10.00   229.49    135.14     58.89
log-0079          46824  10.00   468.24    271.95     58.08
log-0080-valid    64718  10.00   647.18    335.98     51.91
log-0081         113665  10.00  1136.65    798.84     70.28

Error stats on boring_mask (raw): travel/mag_model vs travel
log               t   rmse  bin_rmse    mae      me  rms_trav
--------------  ---  -----  --------  -----  ------  --------
log-0046        385  23.20     25.19  22.84  -22.84     20.57
log-0048        348  19.81     21.32  19.41  -19.41     22.44
log-0049        207  26.27     26.55  25.97  -25.97     24.23
log-0054        688  15.72     16.82  14.93  -14.93     17.94
log-0055        233  17.78     18.27  17.03  -17.03     23.70
log-0056        285  15.16     16.20  14.27  -14.27     22.52
log-0058        392   7.23      8.08   6.00   -5.81     23.40
log-0063        124  26.65     27.33  26.39  -26.39     27.45
log-0071_183    434   6.87      7.35   5.24   -5.08     22.61
log-0072_184    347   9.66     10.47   8.52   -8.50     21.45
log-0073_185    301  33.97     32.93  33.29  -33.29     19.37
log-0078-valid  135  28.07     27.33  26.85  -26.85     27.76
log-0079        271  36.81     36.13  36.06  -36.06     29.51
log-0080-valid  335  19.33     20.49  16.06  -16.05     29.27
log-0081        798  36.06     34.41  34.33  -34.33     20.61

Median          335.00  19.81     21.32  19.41  -19.41     22.61
Mean            352.20  21.51     21.93  20.48  -20.45     23.52
Std Dev         176.91   9.49      8.87   9.65    9.69      3.42

Error stats on boring_mask (raw): travel/mag_model/adj vs travel
log               t   rmse  bin_rmse    mae      me  rms_trav
--------------  ---  -----  --------  -----  ------  --------
log-0046        385  16.46     18.49  15.95  -15.95     20.57
log-0048        348   7.55      8.91   6.49   -6.40     22.44
log-0049        207   7.51      7.72   6.49   -6.37     24.23
log-0054        688   8.89     10.08   7.43   -7.41     17.94
log-0055        233   8.16      7.65   7.54    6.35     23.70
log-0056        285   9.50     10.50   8.06   -7.99     22.52
log-0058        392   4.77      5.54   3.24   -2.09     23.40
log-0063        124   4.34      4.72   3.28   -2.24     27.45
log-0071_183    434  10.56     10.93   9.51   -9.50     22.61
log-0072_184    347   4.62      4.99   2.90   -0.60     21.45
log-0073_185    301  12.46     11.48  10.48  -10.47     19.37
log-0078-valid  135  17.31     16.38  15.25  -15.24     27.76
log-0079        271  13.81     12.75  11.69  -11.68     29.51
log-0080-valid  335  16.35     15.07  14.99   12.30     29.27
log-0081        798  17.22     14.89  13.28  -13.21     20.61

Median          335.00   9.50     10.50   8.06   -7.41     22.61
Mean            352.20  10.63     10.67   9.11   -6.03     23.52
Std Dev         176.91   4.53      4.09   4.26    7.54      3.42

Error stats on boring_mask (raw): travel/solved vs travel
log               t   rmse  bin_rmse    mae      me  rms_trav
--------------  ---  -----  --------  -----  ------  --------
log-0046        385  15.03     15.38  14.68  -14.65     20.57
log-0048        348   6.54      7.89   5.78   -5.61     22.44
log-0049        207   6.78      7.05   5.98   -5.77     24.23
log-0054        688   7.20      7.51   6.38   -6.32     17.94
log-0055        233   8.41      7.93   7.75    7.21     23.70
log-0056        285   7.22      7.80   6.45   -6.22     22.52
log-0058        392   3.57      3.94   2.78   -1.32     23.40
log-0063        124   3.99      4.39   3.09   -1.96     27.45
log-0071_183    434   8.36      8.10   7.96   -7.90     22.61
log-0072_184    347   3.64      3.85   2.50    0.28     21.45
log-0073_185    301  10.34      9.36   8.78   -8.62     19.37
log-0078-valid  135  15.10     14.37  13.35  -13.17     27.76
log-0079        271  11.99     11.44   9.59   -9.26     29.51
log-0080-valid  335  16.37     15.24  14.95   13.34     29.27
log-0081        798  15.77     13.54  12.18  -11.96     20.61

Median          335.00   8.36      7.93   7.75   -6.22     22.61
Mean            352.20   9.35      9.19   8.15   -4.79     23.52
Std Dev         176.91   4.35      3.82   3.98    7.25      3.42

Error stats on boring_mask (raw): travel/solved/mag_nuisance/delta_lifted vs travel
log               t   rmse  bin_rmse    mae      me  rms_trav
--------------  ---  -----  --------  -----  ------  --------
log-0046        385  14.37     14.94  14.03  -14.02     20.57
log-0048        348   5.98      7.74   5.23   -5.12     22.44
log-0049        207   6.70      7.06   5.96   -5.91     24.23
log-0054        688   6.41      6.92   5.77   -5.74     17.94
log-0055        233   8.08      7.53   7.38    6.79     23.70
log-0056        285   6.22      7.05   5.45   -5.29     22.52
log-0058        392   3.41      3.80   2.60   -1.20     23.40
log-0063        124   3.87      4.30   3.03   -2.14     27.45
log-0071_183    434   8.20      8.04   7.79   -7.77     22.61
log-0072_184    347   3.47      3.66   2.49    0.50     21.45
log-0073_185    301  10.29      9.67   8.90   -8.80     19.37
log-0078-valid  135  13.35     13.49  12.54  -12.46     27.76
log-0079        271  11.09     11.14   9.57   -9.32     29.51
log-0080-valid  335  14.60     13.62  13.45   12.71     29.27
log-0081        798  14.45     13.11  11.97  -11.89     20.61

Median          335.00   8.08      7.74   7.38   -5.74     22.61
Mean            352.20   8.70      8.80   7.74   -4.65     23.52
Std Dev         176.91   3.93      3.58   3.76    6.98      3.42

Error stats on boring_mask (raw): travel/mag_nuisance/corrected vs travel
log               t   rmse  bin_rmse    mae      me  rms_trav
--------------  ---  -----  --------  -----  ------  --------
log-0046        385  14.67     15.93  14.33  -14.33     20.57
log-0048        348   6.23      7.83   5.39   -5.29     22.44
log-0049        207   6.96      7.31   6.09   -6.06     24.23
log-0054        688   6.79      7.65   6.00   -5.99     17.94
log-0055        233   8.11      7.49   7.45    6.59     23.70
log-0056        285   6.68      7.69   5.84   -5.75     22.52
log-0058        392   3.56      4.17   2.64   -1.38     23.40
log-0063        124   4.04      4.46   3.11   -2.23     27.45
log-0071_183    434   8.64      8.61   8.22   -8.21     22.61
log-0072_184    347   3.63      3.85   2.53    0.26     21.45
log-0073_185    301  10.88     10.40   9.33   -9.32     19.37
log-0078-valid  135  13.79     13.95  13.02  -13.01     27.76
log-0079        271  11.30     11.15   9.90   -9.88     29.51
log-0080-valid  335  14.52     13.47  13.45   12.50     29.27
log-0081        798  14.76     13.27  12.23  -12.20     20.61

Median          335.00   8.11      7.83   7.45   -5.99     22.61
Mean            352.20   8.97      9.15   7.97   -4.95     23.52
Std Dev         176.91   3.95      3.63   3.83    7.06      3.42

Error stats on boring_mask (raw): travel/solved/mag_nuisance/fusion2 vs travel
log               t   rmse  bin_rmse    mae      me  rms_trav
--------------  ---  -----  --------  -----  ------  --------
log-0046        385  14.04     14.47  13.68  -13.65     20.57
log-0048        348   5.59      7.22   4.93   -4.73     22.44
log-0049        207   6.21      6.60   5.57   -5.48     24.23
log-0054        688   6.04      6.49   5.48   -5.42     17.94
log-0055        233   8.46      7.89   7.81    7.41     23.70
log-0056        285   5.96      6.83   5.23   -4.94     22.52
log-0058        392   3.24      3.67   2.50   -0.82     23.40
log-0063        124   3.71      4.15   2.92   -1.94     27.45
log-0071_183    434   7.97      7.72   7.58   -7.52     22.61
log-0072_184    347   3.51      3.65   2.52    0.84     21.45
log-0073_185    301   9.39      8.77   8.15   -7.98     19.37
log-0078-valid  135  13.03     13.23  12.24  -12.08     27.76
log-0079        271  10.34     10.48   8.77   -8.43     29.51
log-0080-valid  335  14.94     14.10  13.84   13.26     29.27
log-0081        798  14.03     12.62  11.60  -11.45     20.61

Median          335.00   7.97      7.72   7.58   -5.42     22.61
Mean            352.20   8.43      8.53   7.52   -4.20     23.52
Std Dev         176.91   3.91      3.55   3.74    6.99      3.42


======================== CENTERED ERRORS ========================

Cache duration summary
log             samples  dt_ms  total_s  boring_s  boring_%
--------------  -------  -----  -------  --------  --------
log-0046          61344  10.00   613.44    385.08     62.77
log-0048         108107  10.00  1081.07    348.44     32.23
log-0049          44189  10.00   441.89    207.58     46.98
log-0054         111816  10.00  1118.16    688.03     61.53
log-0055          43808  10.00   438.08    233.04     53.20
log-0056          61448  10.00   614.48    285.93     46.53
log-0058          44381  10.00   443.81    392.61     88.46
log-0063          40781  10.00   407.81    124.37     30.50
log-0071_183      65908  10.00   659.08    434.32     65.90
log-0072_184      58385  10.00   583.85    347.94     59.59
log-0073_185      39115  10.00   391.15    301.84     77.17
log-0078-valid    22949  10.00   229.49    135.14     58.89
log-0079          46824  10.00   468.24    271.95     58.08
log-0080-valid    64718  10.00   647.18    335.98     51.91
log-0081         113665  10.00  1136.65    798.84     70.28

Error stats on boring_mask (centered): travel/mag_model vs travel
log               t   rmse  bin_rmse   mae     me  rms_trav
--------------  ---  -----  --------  ----  -----  --------
log-0046        385   4.10      5.40  2.69   0.00     20.57
log-0048        348   4.00      4.36  2.68   0.00     22.44
log-0049        207   3.97      3.92  2.67  -0.00     24.23
log-0054        688   4.90      5.79  3.28   0.00     17.94
log-0055        233   5.12      5.01  3.66  -0.00     23.70
log-0056        285   5.14      5.53  3.39  -0.00     22.52
log-0058        392   4.29      4.85  2.72  -0.00     23.40
log-0063        124   3.72      3.77  2.80  -0.00     27.45
log-0071_183    434   4.63      5.22  2.87   0.00     22.61
log-0072_184    347   4.58      4.85  3.00  -0.00     21.45
log-0073_185    301   6.76      6.58  5.65   0.00     19.37
log-0078-valid  135   8.21      7.02  6.29   0.00     27.76
log-0079        271   7.37      6.04  5.40   0.00     29.51
log-0080-valid  335  10.77     10.64  7.82   0.00     29.27
log-0081        798  11.05      8.56  9.09   0.00     20.61

Median          335.00   4.90      5.40  3.28   0.00     22.61
Mean            352.20   5.91      5.84  4.27  -0.00     23.52
Std Dev         176.91   2.34      1.75  2.02   0.00      3.42

Error stats on boring_mask (centered): travel/mag_model/adj vs travel
log               t   rmse  bin_rmse   mae     me  rms_trav
--------------  ---  -----  --------  ----  -----  --------
log-0046        385   4.10      5.40  2.69   0.00     20.57
log-0048        348   4.00      4.36  2.68  -0.00     22.44
log-0049        207   3.97      3.92  2.67  -0.00     24.23
log-0054        688   4.90      5.79  3.28  -0.00     17.94
log-0055        233   5.12      5.01  3.66  -0.00     23.70
log-0056        285   5.14      5.53  3.39   0.00     22.52
log-0058        392   4.29      4.85  2.72   0.00     23.40
log-0063        124   3.72      3.77  2.80  -0.00     27.45
log-0071_183    434   4.63      5.22  2.87   0.00     22.61
log-0072_184    347   4.58      4.85  3.00   0.00     21.45
log-0073_185    301   6.76      6.58  5.65  -0.00     19.37
log-0078-valid  135   8.21      7.02  6.29  -0.00     27.76
log-0079        271   7.37      6.04  5.40   0.00     29.51
log-0080-valid  335  10.77     10.64  7.82   0.00     29.27
log-0081        798  11.05      8.56  9.09   0.00     20.61

Median          335.00   4.90      5.40  3.28   0.00     22.61
Mean            352.20   5.91      5.84  4.27  -0.00     23.52
Std Dev         176.91   2.34      1.75  2.02   0.00      3.42

Error stats on boring_mask (centered): travel/solved vs travel
log               t   rmse  bin_rmse   mae     me  rms_trav
--------------  ---  -----  --------  ----  -----  --------
log-0046        385   3.34      4.32  2.25   0.00     20.57
log-0048        348   3.36      3.93  2.27  -0.00     22.44
log-0049        207   3.56      3.59  2.29  -0.00     24.23
log-0054        688   3.44      3.68  2.59   0.00     17.94
log-0055        233   4.33      4.24  3.07  -0.00     23.70
log-0056        285   3.67      3.93  2.63  -0.00     22.52
log-0058        392   3.31      3.59  2.43  -0.00     23.40
log-0063        124   3.47      3.58  2.65  -0.00     27.45
log-0071_183    434   2.74      2.92  2.00   0.00     22.61
log-0072_184    347   3.63      3.89  2.47   0.00     21.45
log-0073_185    301   5.71      5.48  4.33   0.00     19.37
log-0078-valid  135   7.39      6.20  5.58   0.00     27.76
log-0079        271   7.63      6.67  5.68   0.00     29.51
log-0080-valid  335   9.49      9.21  7.10  -0.00     29.27
log-0081        798  10.27      8.16  8.36   0.00     20.61

Median          335.00   3.63      3.93  2.63   0.00     22.61
Mean            352.20   5.02      4.89  3.71   0.00     23.52
Std Dev         176.91   2.39      1.80  1.95   0.00      3.42

Error stats on boring_mask (centered): travel/solved/mag_nuisance/delta_lifted vs travel
log               t  rmse  bin_rmse   mae     me  rms_trav
--------------  ---  ----  --------  ----  -----  --------
log-0046        385  3.14      3.85  2.29   0.00     20.57
log-0048        348  3.09      3.99  2.29  -0.00     22.44
log-0049        207  3.15      3.16  2.22  -0.00     24.23
log-0054        688  2.87      3.13  2.13  -0.00     17.94
log-0055        233  4.39      4.30  3.30  -0.00     23.70
log-0056        285  3.26      3.61  2.48  -0.00     22.52
log-0058        392  3.20      3.40  2.37   0.00     23.40
log-0063        124  3.23      3.30  2.57  -0.00     27.45
log-0071_183    434  2.62      2.83  1.89   0.00     22.61
log-0072_184    347  3.43      3.72  2.41  -0.00     21.45
log-0073_185    301  5.33      5.34  4.17  -0.00     19.37
log-0078-valid  135  4.77      4.59  3.59   0.00     27.76
log-0079        271  6.01      5.70  4.59   0.00     29.51
log-0080-valid  335  7.20      7.38  5.44  -0.00     29.27
log-0081        798  8.21      6.85  6.71   0.00     20.61

Median          335.00  3.26      3.85  2.48  -0.00     22.61
Mean            352.20  4.26      4.34  3.23  -0.00     23.52
Std Dev         176.91  1.66      1.34  1.37   0.00      3.42

Error stats on boring_mask (centered): travel/mag_nuisance/corrected vs travel
log               t  rmse  bin_rmse   mae     me  rms_trav
--------------  ---  ----  --------  ----  -----  --------
log-0046        385  3.14      3.88  2.29   0.00     20.57
log-0048        348  3.28      3.87  2.39   0.00     22.44
log-0049        207  3.43      3.39  2.36  -0.00     24.23
log-0054        688  3.20      3.74  2.20   0.00     17.94
log-0055        233  4.73      4.63  3.52  -0.00     23.70
log-0056        285  3.40      3.73  2.48   0.00     22.52
log-0058        392  3.28      3.65  2.38   0.00     23.40
log-0063        124  3.37      3.42  2.66  -0.00     27.45
log-0071_183    434  2.68      2.95  1.80   0.00     22.61
log-0072_184    347  3.62      3.89  2.49   0.00     21.45
log-0073_185    301  5.62      5.72  4.50   0.00     19.37
log-0078-valid  135  4.59      4.41  3.52   0.00     27.76
log-0079        271  5.48      5.01  4.24   0.00     29.51
log-0080-valid  335  7.38      7.78  5.48  -0.00     29.27
log-0081        798  8.31      6.74  6.81   0.00     20.61

Median          335.00  3.43      3.88  2.49   0.00     22.61
Mean            352.20  4.37      4.45  3.27   0.00     23.52
Std Dev         176.91  1.61      1.30  1.37   0.00      3.42

Error stats on boring_mask (centered): travel/solved/mag_nuisance/fusion2 vs travel
log               t  rmse  bin_rmse   mae     me  rms_trav
--------------  ---  ----  --------  ----  -----  --------
log-0046        385  3.28      4.21  2.41   0.00     20.57
log-0048        348  2.98      3.80  2.25   0.00     22.44
log-0049        207  2.91      2.95  2.00  -0.00     24.23
log-0054        688  2.67      2.94  2.01  -0.00     17.94
log-0055        233  4.08      4.05  2.97  -0.00     23.70
log-0056        285  3.34      3.78  2.56  -0.00     22.52
log-0058        392  3.14      3.45  2.37   0.00     23.40
log-0063        124  3.16      3.26  2.53  -0.00     27.45
log-0071_183    434  2.64      2.80  1.93   0.00     22.61
log-0072_184    347  3.41      3.70  2.38   0.00     21.45
log-0073_185    301  4.95      4.93  3.63   0.00     19.37
log-0078-valid  135  4.89      4.75  3.63   0.00     27.76
log-0079        271  5.98      5.70  4.48   0.00     29.51
log-0080-valid  335  6.88      7.16  5.14   0.00     29.27
log-0081        798  8.11      6.89  6.54  -0.00     20.61

Median          335.00  3.34      3.80  2.53   0.00     22.61
Mean            352.20  4.16      4.29  3.12   0.00     23.52
Std Dev         176.91  1.61      1.32  1.29   0.00      3.42
