Experiment: harry-tzangle-baseline
ID: 20260908T203304Z-harry-tzangle-baseline
Created: 2026-09-08T13:33:04-07:00
Group: harry
Tags: none
Pipeline code: 82c8b84a0a2f
Experiment fingerprint: 208c6368e116294ac37c74a7e472070bc0c1450578d6ddd395d4944e073aff10
Notes: (none)

======================== UNCENTERED ERRORS ========================

Cache duration summary
log       samples  dt_ms  total_s  boring_s  boring_%
--------  -------  -----  -------  --------  --------
log-0113    29498  10.00   294.98    247.17     83.79
log-0115    18835  10.00   188.35    178.71     94.88
log-0116    27283  10.00   272.83    190.02     69.65
log-0117    14148  10.00   141.48    130.70     92.38
log-0118    16328  10.00   163.28    125.54     76.89
log-0119    19584  10.00   195.84    143.68     73.37
log-0120     6011  10.00    60.11     59.21     98.50
log-0122    43803  10.00   438.03    332.50     75.91
log-0125    24913  10.00   249.13    205.81     82.61
log-0126    14241  10.00   142.41     62.80     44.10
log-0127    26922  10.00   269.22    146.38     54.37
log-0129    77819  10.00   778.19    440.18     56.56
log-0132    34660  10.00   346.60    301.85     87.09
log-0133    10539  10.00   105.39    104.50     99.16

Error stats on boring_mask (raw): travel/mag_model vs travel
log         t   rmse  bin_rmse    mae      me  rms_trav
--------  ---  -----  --------  -----  ------  --------
log-0113  247  22.84     25.25  21.90  -21.89     28.30
log-0115  178  41.86     44.44  41.38  -41.38     26.94
log-0116  190  20.99     21.77  19.62  -19.62     34.38
log-0117  130  18.13     21.03  17.00  -16.99     29.05
log-0118  125  46.40     45.58  45.30  -45.30     46.57
log-0119  143  25.51     26.30  24.47  -24.47     39.48
log-0120   59  28.73     29.50  28.02  -28.01     39.04
log-0122  332  46.30     47.23  45.63  -45.63     35.94
log-0125  205  44.54     45.64  43.74  -43.74     35.65
log-0126   62  51.52     53.31  49.71  -49.71     44.94
log-0127  146  35.89     37.31  35.15  -35.14     45.07
log-0129  440  18.71     21.01  16.29  -16.24     35.47
log-0132  301  43.44     44.02  42.13  -42.13     35.25
log-0133  104  14.78     16.02  13.06  -12.97     34.57

Median    162.00  32.31     33.41  31.58  -31.58     35.56
Mean      190.14  32.83     34.17  31.67  -31.66     36.48
Std Dev   104.03  12.27     11.96  12.45   12.47      5.90

Error stats on boring_mask (raw): travel/mag_model/adj vs travel
log         t   rmse  bin_rmse    mae      me  rms_trav
--------  ---  -----  --------  -----  ------  --------
log-0113  247  16.20     18.56  14.95  -14.84     28.30
log-0115  178   7.05      6.67   5.89    3.15     26.94
log-0116  190  22.86     23.64  21.61  -21.61     34.38
log-0117  130   6.56      7.51   5.00    1.68     29.05
log-0118  125  31.08     30.28  29.43  -29.41     46.57
log-0119  143  10.09     10.83   8.33   -7.05     39.48
log-0120   59  11.99     12.69  10.35  -10.16     39.04
log-0122  332  18.55     19.35  16.82  -16.81     35.94
log-0125  205  20.71     21.69  18.96  -18.95     35.65
log-0126   62  31.93     33.54  28.91  -28.91     44.94
log-0127  146   9.41     10.73   6.78   -5.95     45.07
log-0129  440  32.41     34.50  31.05  -31.05     35.47
log-0132  301  22.85     23.17  20.26  -20.25     35.25
log-0133  104  13.29     14.49  11.41  -11.24     34.57

Median    162.00  17.37     18.95  15.89  -15.82     35.56
Mean      190.14  18.21     19.12  16.41  -15.10     36.48
Std Dev   104.03   8.76      8.88   8.67   10.49      5.90

Error stats on boring_mask (raw): travel/solved vs travel
log         t   rmse  bin_rmse    mae      me  rms_trav
--------  ---  -----  --------  -----  ------  --------
log-0113  247  13.37     15.70  12.32  -12.12     28.30
log-0115  178   7.97      8.53   6.51    4.64     26.94
log-0116  190  20.11     20.75  18.94  -18.85     34.38
log-0117  130   6.41      7.09   5.09    2.95     29.05
log-0118  125  29.86     28.66  26.81  -26.59     46.57
log-0119  143   9.93     10.57   8.12   -5.22     39.48
log-0120   59  10.69     11.35   9.25   -8.18     39.04
log-0122  332  16.14     16.88  14.66  -14.28     35.94
log-0125  205  18.33     19.66  16.73  -16.49     35.65
log-0126   62  30.74     32.42  27.10  -26.96     44.94
log-0127  146   8.82      9.90   6.29   -4.29     45.07
log-0129  440  28.52     27.62  27.36  -27.35     35.47
log-0132  301  18.00     17.89  16.32  -16.10     35.25
log-0133  104  11.36     12.96   9.91   -9.52     34.57

Median    162.00  14.76     16.29  13.49  -13.20     35.56
Mean      190.14  16.45     17.14  14.67  -12.74     36.48
Std Dev   104.03   7.98      7.65   7.64    9.93      5.90

Error stats on boring_mask (raw): travel/solved/mag_nuisance/delta_lifted vs travel
log         t   rmse  bin_rmse    mae      me  rms_trav
--------  ---  -----  --------  -----  ------  --------
log-0113  247  13.66     15.88  12.66  -12.55     28.30
log-0115  178   7.40      7.48   6.15    3.97     26.94
log-0116  190  20.32     20.95  19.17  -19.13     34.38
log-0117  130   6.09      6.51   4.90    2.67     29.05
log-0118  125  30.17     29.05  27.23  -27.02     46.57
log-0119  143   9.91     10.54   8.06   -6.11     39.48
log-0120   59  10.88     11.54   9.41   -8.82     39.04
log-0122  332  16.82     17.52  15.41  -15.21     35.94
log-0125  205  18.93     20.18  17.38  -17.29     35.65
log-0126   62  31.10     32.75  27.65  -27.62     44.94
log-0127  146   8.90     10.08   6.33   -5.20     45.07
log-0129  440  28.70     27.77  27.55  -27.55     35.47
log-0132  301  18.53     18.35  16.82  -16.68     35.25
log-0133  104  11.60     13.19  10.14   -9.90     34.57

Median    162.00  15.24     16.70  14.04  -13.88     35.56
Mean      190.14  16.64     17.27  14.92  -13.32     36.48
Std Dev   104.03   8.15      7.89   7.83    9.87      5.90

Error stats on boring_mask (raw): travel/mag_nuisance/corrected vs travel
log         t   rmse  bin_rmse    mae      me  rms_trav
--------  ---  -----  --------  -----  ------  --------
log-0113  247  13.85     16.35  12.94  -12.92     28.30
log-0115  178   6.76      6.48   5.75    3.52     26.94
log-0116  190  20.53     21.26  19.59  -19.59     34.38
log-0117  130   5.91      6.35   4.79    2.50     29.05
log-0118  125  30.26     29.26  27.79  -27.62     46.57
log-0119  143   9.36     10.12   7.68   -6.35     39.48
log-0120   59  10.75     11.48   9.45   -9.20     39.04
log-0122  332  17.19     18.01  15.90  -15.88     35.94
log-0125  205  19.06     20.37  17.68  -17.66     35.65
log-0126   62  31.25     32.93  28.08  -28.08     44.94
log-0127  146   8.66      9.97   6.28   -5.46     45.07
log-0129  440  29.25     29.08  28.34  -28.34     35.47
log-0132  301  19.14     19.34  17.56  -17.55     35.25
log-0133  104  11.63     13.17  10.30  -10.14     34.57

Median    162.00  15.52     17.18  14.42  -14.40     35.56
Mean      190.14  16.69     17.44  15.15  -13.77     36.48
Std Dev   104.03   8.38      8.24   8.13   10.00      5.90


======================== CENTERED ERRORS ========================

Cache duration summary
log       samples  dt_ms  total_s  boring_s  boring_%
--------  -------  -----  -------  --------  --------
log-0113    29498  10.00   294.98    247.17     83.79
log-0115    18835  10.00   188.35    178.71     94.88
log-0116    27283  10.00   272.83    190.02     69.65
log-0117    14148  10.00   141.48    130.70     92.38
log-0118    16328  10.00   163.28    125.54     76.89
log-0119    19584  10.00   195.84    143.68     73.37
log-0120     6011  10.00    60.11     59.21     98.50
log-0122    43803  10.00   438.03    332.50     75.91
log-0125    24913  10.00   249.13    205.81     82.61
log-0126    14241  10.00   142.41     62.80     44.10
log-0127    26922  10.00   269.22    146.38     54.37
log-0129    77819  10.00   778.19    440.18     56.56
log-0132    34660  10.00   346.60    301.85     87.09
log-0133    10539  10.00   105.39    104.50     99.16

Error stats on boring_mask (centered): travel/mag_model vs travel
log         t   rmse  bin_rmse    mae     me  rms_trav
--------  ---  -----  --------  -----  -----  --------
log-0113  247   6.49      7.20   4.86  -0.00     28.30
log-0115  178   6.31      7.12   4.81  -0.00     26.94
log-0116  190   7.44      7.67   5.54  -0.00     34.38
log-0117  130   6.35      7.91   4.61  -0.00     29.05
log-0118  125  10.04     10.01   8.44   0.00     46.57
log-0119  143   7.22      7.58   5.93   0.00     39.48
log-0120   59   6.37      6.48   4.79   0.00     39.04
log-0122  332   7.85      7.63   6.16  -0.00     35.94
log-0125  205   8.36      8.17   6.84   0.00     35.65
log-0126   62  13.54     13.25  10.88  -0.00     44.94
log-0127  146   7.29      7.99   5.89   0.00     45.07
log-0129  440   9.28     11.16   6.83  -0.00     35.47
log-0132  301  10.59      9.60   8.27  -0.00     35.25
log-0133  104   7.09      7.30   5.35  -0.00     34.57

Median    162.00   7.37      7.79   5.91  -0.00     35.56
Mean      190.14   8.16      8.51   6.37  -0.00     36.48
Std Dev   104.03   2.00      1.80   1.72   0.00      5.90

Error stats on boring_mask (centered): travel/mag_model/adj vs travel
log         t   rmse  bin_rmse    mae     me  rms_trav
--------  ---  -----  --------  -----  -----  --------
log-0113  247   6.49      7.20   4.86   0.00     28.30
log-0115  178   6.31      7.12   4.81  -0.00     26.94
log-0116  190   7.44      7.67   5.54  -0.00     34.38
log-0117  130   6.35      7.91   4.61  -0.00     29.05
log-0118  125  10.04     10.01   8.44   0.00     46.57
log-0119  143   7.22      7.58   5.93  -0.00     39.48
log-0120   59   6.37      6.48   4.79   0.00     39.04
log-0122  332   7.85      7.63   6.16   0.00     35.94
log-0125  205   8.36      8.17   6.84   0.00     35.65
log-0126   62  13.54     13.25  10.88  -0.00     44.94
log-0127  146   7.29      7.99   5.89   0.00     45.07
log-0129  440   9.28     11.16   6.83  -0.00     35.47
log-0132  301  10.59      9.60   8.27  -0.00     35.25
log-0133  104   7.09      7.30   5.35  -0.00     34.57

Median    162.00   7.37      7.79   5.91  -0.00     35.56
Mean      190.14   8.16      8.51   6.37  -0.00     36.48
Std Dev   104.03   2.00      1.80   1.72   0.00      5.90

Error stats on boring_mask (centered): travel/solved vs travel
log         t   rmse  bin_rmse    mae     me  rms_trav
--------  ---  -----  --------  -----  -----  --------
log-0113  247   5.65      7.05   4.40  -0.00     28.30
log-0115  178   6.48      8.26   4.81   0.00     26.94
log-0116  190   7.02      7.51   5.58  -0.00     34.38
log-0117  130   5.69      7.18   4.41  -0.00     29.05
log-0118  125  13.60     13.57  10.89   0.00     46.57
log-0119  143   8.45      8.93   6.77  -0.00     39.48
log-0120   59   6.88      7.08   5.16   0.00     39.04
log-0122  332   7.53      7.97   5.91  -0.00     35.94
log-0125  205   8.00      8.38   6.52   0.00     35.65
log-0126   62  14.77     14.51  11.88   0.00     44.94
log-0127  146   7.70      8.27   5.67   0.00     45.07
log-0129  440   8.11      9.54   6.46  -0.00     35.47
log-0132  301   8.04      7.77   6.24  -0.00     35.25
log-0133  104   6.19      6.84   4.83  -0.00     34.57

Median    162.00   7.62      8.12   5.79  -0.00     35.56
Mean      190.14   8.15      8.78   6.40  -0.00     36.48
Std Dev   104.03   2.62      2.28   2.18   0.00      5.90

Error stats on boring_mask (centered): travel/solved/mag_nuisance/delta_lifted vs travel
log         t   rmse  bin_rmse    mae     me  rms_trav
--------  ---  -----  --------  -----  -----  --------
log-0113  247   5.41      6.61   4.28   0.00     28.30
log-0115  178   6.25      7.55   4.74  -0.00     26.94
log-0116  190   6.84      7.31   5.48  -0.00     34.38
log-0117  130   5.48      6.72   4.27  -0.00     29.05
log-0118  125  13.42     13.34  10.63   0.00     46.57
log-0119  143   7.80      8.20   6.28  -0.00     39.48
log-0120   59   6.38      6.55   4.75  -0.00     39.04
log-0122  332   7.18      7.38   5.67   0.00     35.94
log-0125  205   7.70      7.96   6.33   0.00     35.65
log-0126   62  14.28     14.02  11.45   0.00     44.94
log-0127  146   7.22      7.83   5.58   0.00     45.07
log-0129  440   8.03      9.34   6.47  -0.00     35.47
log-0132  301   8.06      7.51   6.30  -0.00     35.25
log-0133  104   6.05      6.72   4.75  -0.00     34.57

Median    162.00   7.20      7.53   5.63  -0.00     35.56
Mean      190.14   7.86      8.36   6.21  -0.00     36.48
Std Dev   104.03   2.59      2.29   2.11   0.00      5.90

Error stats on boring_mask (centered): travel/mag_nuisance/corrected vs travel
log         t   rmse  bin_rmse    mae     me  rms_trav
--------  ---  -----  --------  -----  -----  --------
log-0113  247   5.01      6.16   3.99  -0.00     28.30
log-0115  178   5.77      6.86   4.53   0.00     26.94
log-0116  190   6.15      6.60   5.00  -0.00     34.38
log-0117  130   5.35      6.71   4.21  -0.00     29.05
log-0118  125  12.36     12.30   9.83   0.00     46.57
log-0119  143   6.88      7.31   5.75  -0.00     39.48
log-0120   59   5.56      5.76   4.24   0.00     39.04
log-0122  332   6.58      6.51   5.38   0.00     35.94
log-0125  205   7.17      7.40   5.95   0.00     35.65
log-0126   62  13.72     13.48  10.82  -0.00     44.94
log-0127  146   6.73      7.47   5.39   0.00     45.07
log-0129  440   7.22      8.07   5.82   0.00     35.47
log-0132  301   7.62      6.92   6.08  -0.00     35.25
log-0133  104   5.69      6.31   4.48  -0.00     34.57

Median    162.00   6.65      6.89   5.38  -0.00     35.56
Mean      190.14   7.27      7.70   5.82  -0.00     36.48
Std Dev   104.03   2.48      2.20   1.97   0.00      5.90
