Experiment: method-comparison-1sedge
ID: 20260927T210743Z-method-comparison-1sedge
Created: 2026-09-27T22:07:43+01:00
Group: front-default
Tags: none
Pipeline code: 023277aafea5
Experiment fingerprint: 38042b44405dff3fcf5744ab6ea4eb08df7efa6e46ef7467bc26f7082439cf7e
Notes: (none)

======================== UNCENTERED ERRORS ========================

Cache duration summary
log                    samples  dt_ms  total_s  active_s  active_%
---------------------  -------  -----  -------  --------  --------
log-0046                 61344  10.00   613.44    416.16     67.84
log-0048                108107  10.00  1081.07    431.54     39.92
log-0049                 44189  10.00   441.89    244.46     55.32
log-0054                111816  10.00  1118.16    753.30     67.37
log-0055                 43808  10.00   438.08    263.36     60.12
log-0056                 61448  10.00   614.48    301.64     49.09
log-0058                 44381  10.00   443.81    402.52     90.70
log-0063                 40781  10.00   407.81    153.27     37.58
log-0071_183             65908  10.00   659.08    424.88     64.47
log-0072_184             58385  10.00   583.85    344.61     59.02
log-0073_185             39115  10.00   391.15    326.61     83.50
log-0078-valid           22949  10.00   229.49    149.70     65.23
log-0079                 46824  10.00   468.24    266.64     56.95
log-0080-valid           64718  10.00   647.18    368.29     56.91
log-0081                113665  10.00  1136.65    827.70     72.82
log-0098                 36717  10.00   367.17    237.06     64.56
log-0099                 65579  10.00   655.79    646.10     98.52
log-0113                 29498  10.00   294.98    262.71     89.06
log-0115                 18835  10.00   188.35    181.69     96.46
log-0116                 27283  10.00   272.83    198.05     72.59
log-0117                 14148  10.00   141.48    128.40     90.75
log-0118                 16328  10.00   163.28    114.79     70.30
log-0119                 19584  10.00   195.84    150.36     76.78
log-0120                  6011  10.00    60.11     52.91     88.02
log-0122                 43803  10.00   438.03    344.65     78.68
log-0125                 24913  10.00   249.13    205.54     82.50
log-0126                 14241  10.00   142.41     59.80     41.99
log-0127                 26922  10.00   269.22    112.86     41.92
log-0129                 77819  10.00   778.19    446.17     57.33
log-0132                 34660  10.00   346.60    296.59     85.57
log-0133                 10539  10.00   105.39     94.70     89.86
log-0145-filtered-c01    39029  10.00   390.29    371.32     95.14
log-0147-filtered-c01    20838  10.00   208.38     92.18     44.24
log-0147-filtered-c02    38239  10.00   382.39    347.00     90.75
log-0151-filtered-c01     9991  10.00    99.91     91.69     91.77
log-0152-filtered-c01    16176  10.00   161.76    161.76    100.00
log-0152-filtered-c02    10216  10.00   102.16     94.33     92.34
log-0155-filtered-c01    14580  10.00   145.80    136.37     93.53

Error stats on active_mask (raw): travel/mag_model vs travel
log                      t   rmse  bin_rmse    mae      me  rms_trav
---------------------  ---  -----  --------  -----  ------  --------
log-0046               415  16.75     18.44  16.39  -16.39     20.31
log-0048               431   5.11      5.77   3.78   -1.87     23.66
log-0049               243  21.17     21.33  20.88  -20.88     22.87
log-0054               753   6.95      8.17   5.64   -5.56     18.04
log-0055               263   5.37      4.83   3.58   -0.26     24.41
log-0056               300   7.43      7.10   6.51    6.22     22.57
log-0058               401   4.68      5.29   3.01    1.36     23.59
log-0063               152  18.30     19.00  17.69  -17.68     28.80
log-0071_183           424   6.11      6.60   5.52    5.30     21.62
log-0072_184           344   6.00      6.92   4.70   -4.42     20.94
log-0073_185           326  20.72     21.15  20.33  -20.33     19.07
log-0078-valid         147  10.34      9.58   8.24    2.28     28.52
log-0079               266  36.51     37.10  35.92  -35.92     25.52
log-0080-valid         367  41.61     39.85  40.68   39.66     30.96
log-0081               827  18.29     16.22  12.71  -12.45     20.51
log-0098               235  10.22      8.84   7.43    1.67     27.08
log-0099               645  26.61     25.61  23.30  -23.29     19.81
log-0113               261  10.89     12.82   8.86   -8.28     26.08
log-0115               180  25.99     30.00  24.73  -24.73     24.36
log-0116               196   9.20      8.65   5.99   -4.94     32.31
log-0117               127   6.57      7.64   4.47   -4.03     25.49
log-0118               114  15.14     16.66  13.77  -13.61     36.98
log-0119               149   6.70      6.59   5.12    1.07     35.83
log-0120                51  19.87     20.02  18.56  -18.52     33.35
log-0122               343  24.38     24.78  21.73  -21.72     33.18
log-0125               204  29.51     31.43  28.37  -28.37     32.44
log-0126                59  26.16     29.04  25.11  -25.10     37.18
log-0127               111  10.19      8.63   8.32    6.58     36.32
log-0129               445  27.97     26.44  27.26   26.50     32.18
log-0132               295  20.10     18.44  16.69  -16.67     33.45
log-0133                93  13.53     14.89  11.91  -11.82     29.98
log-0145-filtered-c01  370   9.67      9.29   5.70   -4.12     17.61
log-0147-filtered-c01   57   7.89      7.29   5.01   -1.42     15.63
log-0147-filtered-c02  269  23.60     22.62  23.00  -22.96     13.73
log-0151-filtered-c01   71  16.00     15.25  15.19  -15.02     17.68
log-0152-filtered-c01  128  12.62     13.89  11.60  -11.54     17.58
log-0152-filtered-c02   73  32.85     31.37  32.36  -32.35     13.81
log-0155-filtered-c01  126  36.23     36.86  35.90  -35.90     23.20

Median                 252.00  15.57     15.73  13.24  -11.68     24.39
Mean                   270.03  17.03     17.22  15.42   -9.72     25.44
Std Dev                182.08   9.97     10.00  10.34   15.47      6.68

Error stats on active_mask (raw): travel/solved vs travel
log                      t   rmse  bin_rmse    mae      me  rms_trav
---------------------  ---  -----  --------  -----  ------  --------
log-0046               415   4.21      5.53   3.53   -3.30     20.31
log-0048               431   3.74      3.75   2.59    1.38     23.66
log-0049               243   6.45      6.80   5.89   -5.79     22.87
log-0054               753   2.78      3.28   2.13   -1.03     18.04
log-0055               263   3.02      3.04   2.24   -0.12     24.41
log-0056               300   4.59      4.28   3.60    3.42     22.57
log-0058               401   2.79      2.95   2.01    0.61     23.59
log-0063               152   4.17      3.51   3.25    1.82     28.80
log-0071_183           424   5.90      5.59   5.59   -5.49     21.62
log-0072_184           344   3.55      3.40   2.81    2.55     20.94
log-0073_185           326   2.72      3.12   1.86   -1.22     19.07
log-0078-valid         147   6.39      5.96   4.65   -3.19     28.52
log-0079               266   6.21      5.67   5.18    4.07     25.52
log-0080-valid         367   8.89      9.81   7.42   -6.95     30.96
log-0081               827   9.96      9.37   8.65    3.28     20.51
log-0098               235   5.61      5.41   4.15    0.76     27.08
log-0099               645   8.83      7.55   7.62    2.70     19.81
log-0113               261  11.57     12.92  10.87  -10.82     26.08
log-0115               180   6.22      8.81   4.18   -2.53     24.36
log-0116               196  10.03      9.74   9.04    8.36     32.31
log-0117               127  11.52     12.07  11.03  -11.00     25.49
log-0118               114  15.31     13.82  14.33   14.28     36.98
log-0119               149   6.16      7.66   5.00   -3.02     35.83
log-0120                51   6.35      6.35   5.13   -4.42     33.35
log-0122               343  11.26      9.45  10.00    7.84     33.18
log-0125               204   9.14     11.01   7.81   -6.76     32.44
log-0126                59  55.72     52.65  55.27   55.26     37.18
log-0127               111  10.35     13.27   9.07   -8.77     36.32
log-0129               445   7.77      9.08   6.50   -6.15     32.18
log-0132               295  12.84     12.00  11.32  -11.23     33.45
log-0133                93  10.08      9.28   9.04    8.88     29.98
log-0145-filtered-c01  370  13.59     14.43  12.71   12.24     17.61
log-0147-filtered-c01   57  10.95     11.55   9.59    9.30     15.63
log-0147-filtered-c02  269   5.35      5.06   3.94   -1.40     13.73
log-0151-filtered-c01   71   5.13      5.87   3.90    2.01     17.68
log-0152-filtered-c01  128   3.80      4.15   2.71   -1.32     17.58
log-0152-filtered-c02   73   9.65      8.44   8.31   -8.06     13.81
log-0155-filtered-c01  126  13.21     13.80  12.40  -12.13     23.20

Median                 252.00   6.42      7.61   5.74   -1.12     24.39
Mean                   270.03   8.84      8.96   7.77    0.63     25.44
Std Dev                182.08   8.43      7.98   8.51   11.08      6.68

Error stats on active_mask (raw): travel/baseline/accel vs travel
log                      t   rmse  bin_rmse    mae      me  rms_trav
---------------------  ---  -----  --------  -----  ------  --------
log-0046               415  55.52     66.29  53.21  -53.21     20.31
log-0048               431  49.98     63.96  45.55  -45.55     23.66
log-0049               243  50.76     60.66  46.38  -46.36     22.87
log-0054               753  47.11     55.83  44.67  -44.66     18.04
log-0055               263  47.04     60.98  42.47  -42.45     24.41
log-0056               300  49.37     60.60  45.94  -45.88     22.57
log-0058               401  56.35     64.11  53.49  -53.46     23.59
log-0063               152  53.70     69.82  46.42  -46.41     28.80
log-0071_183           424  52.91     58.96  50.52  -50.48     21.62
log-0072_184           344  50.81     59.25  48.36  -48.36     20.94
log-0073_185           326  48.71     53.62  46.38  -46.35     19.07
log-0078-valid         147  57.97     74.79  53.51  -53.50     28.52
log-0079               266  56.07     69.52  53.02  -53.01     25.52
log-0080-valid         367  58.29     81.45  52.48  -52.37     30.96
log-0081               827  51.09     66.96  49.06  -49.05     20.51
log-0098               235  55.57     68.84  51.65  -51.62     27.08
log-0099               645  53.70     68.12  51.90  -51.90     19.81
log-0113               261  59.52     72.28  56.51  -56.49     26.08
log-0115               180  60.50     71.84  58.01  -58.00     24.36
log-0116               196  65.07     75.79  59.91  -59.91     32.31
log-0117               127  59.82     75.23  57.61  -57.61     25.49
log-0118               114  75.83     86.81  70.17  -70.15     36.98
log-0119               149  67.36     79.56  62.12  -61.99     35.83
log-0120                51  68.35     72.73  64.25  -63.99     33.35
log-0122               343  66.37     81.51  60.89  -60.77     33.18
log-0125               204  66.48     81.41  61.57  -61.56     32.44
log-0126                59  65.31     75.18  58.82  -58.65     37.18
log-0127               111  66.18     77.44  59.91  -59.82     36.32
log-0129               445  69.28     86.50  64.02  -63.99     32.18
log-0132               295  68.00     92.32  62.00  -61.97     33.45
log-0133                93  69.19     75.54  65.47  -65.46     29.98
log-0145-filtered-c01  370  38.22     50.05  35.43  -35.41     17.61
log-0147-filtered-c01   57  41.29     44.49  35.14  -33.96     15.63
log-0147-filtered-c02  269  44.28     54.93  38.17  -37.45     13.73
log-0151-filtered-c01   71  41.22     53.32  35.50  -34.50     17.68
log-0152-filtered-c01  128  44.55     53.66  39.17  -38.32     17.58
log-0152-filtered-c02   73  40.85     52.60  34.67  -32.95     13.81
log-0155-filtered-c01  126  48.22     56.38  43.09  -42.78     23.20

Median                 252.00  55.55     68.48  52.19  -52.14     24.39
Mean                   270.03  55.81     67.72  51.51  -51.33     25.44
Std Dev                182.08   9.48     11.39   9.38    9.61      6.68

Error stats on active_mask (raw): travel/oracle/mag_power vs travel
log                      t  rmse  bin_rmse   mae     me  rms_trav
---------------------  ---  ----  --------  ----  -----  --------
log-0046               415  2.40      3.05  1.61  -0.00     20.31
log-0048               431  3.58      4.47  2.36   0.00     23.66
log-0049               243  3.05      3.45  1.94  -0.00     22.87
log-0054               753  2.81      2.81  2.28  -0.00     18.04
log-0055               263  3.51      5.19  2.74  -0.00     24.41
log-0056               300  3.53      4.77  2.55  -0.01     22.57
log-0058               401  3.36      3.76  2.34  -0.01     23.59
log-0063               152  3.88      4.20  2.64  -0.01     28.80
log-0071_183           424  2.58      2.77  1.66  -0.00     21.62
log-0072_184           344  2.59      2.77  1.81  -0.00     20.94
log-0073_185           326  2.27      2.63  1.48  -0.00     19.07
log-0078-valid         147  6.69      5.85  5.22  -0.03     28.52
log-0079               266  6.33      6.32  4.79   0.00     25.52
log-0080-valid         367  7.56      7.31  5.80   0.01     30.96
log-0081               827  8.47     10.13  6.60  -0.00     20.51
log-0098               235  8.12      7.35  6.05  -0.06     27.08
log-0099               645  8.88     10.61  7.13  -0.00     19.81
log-0113               261  4.94      5.00  3.80  -0.03     26.08
log-0115               180  4.59      4.83  3.39   0.01     24.36
log-0116               196  5.43      5.25  4.11   0.02     32.31
log-0117               127  3.59      5.15  2.72  -0.02     25.49
log-0118               114  4.94      5.11  3.69  -0.00     36.98
log-0119               149  4.99      5.35  3.76  -0.01     35.83
log-0120                51  5.53      5.53  4.13  -0.11     33.35
log-0122               343  5.77      6.44  4.49  -0.02     33.18
log-0125               204  6.68      6.56  5.47  -0.01     32.44
log-0126                59  6.06      5.39  4.57  -0.02     37.18
log-0127               111  5.02      5.94  3.80  -0.03     36.32
log-0129               445  5.37      8.29  4.16  -0.00     32.18
log-0132               295  6.22      7.91  4.84  -0.02     33.45
log-0133                93  5.20      5.26  3.95  -0.04     29.98
log-0145-filtered-c01  370  3.52      4.05  2.76   0.02     17.61
log-0147-filtered-c01   57  4.92      4.80  3.38   0.02     15.63
log-0147-filtered-c02  269  3.62      4.41  2.36  -0.00     13.73
log-0151-filtered-c01   71  4.21      5.19  2.83   0.02     17.68
log-0152-filtered-c01  128  3.73      3.73  2.52   0.02     17.58
log-0152-filtered-c02   73  3.51      3.95  2.21  -0.01     13.81
log-0155-filtered-c01  126  3.53      3.59  2.53   0.01     23.20

Median                 252.00  4.75      5.13  3.39  -0.00     24.39
Mean                   270.03  4.76      5.24  3.54  -0.01     25.44
Std Dev                182.08  1.70      1.85  1.43   0.02      6.68

Error stats on active_mask (raw): travel/fusion1 vs travel
log                      t   rmse  bin_rmse    mae      me  rms_trav
---------------------  ---  -----  --------  -----  ------  --------
log-0046               415  16.20     17.50  15.96  -15.96     20.31
log-0048               431   4.97      5.66   3.70   -1.80     23.66
log-0049               243  20.88     21.10  20.62  -20.62     22.87
log-0054               753   6.58      7.56   5.44   -5.37     18.04
log-0055               263   5.13      4.53   3.42   -0.08     24.41
log-0056               300   7.35      6.95   6.49    6.32     22.57
log-0058               401   4.36      4.83   2.86    1.55     23.59
log-0063               152  18.20     18.94  17.61  -17.60     28.80
log-0071_183           424   6.09      6.43   5.54    5.41     21.62
log-0072_184           344   4.94      5.47   4.21   -3.91     20.94
log-0073_185           326  19.89     20.18  19.67  -19.67     19.07
log-0078-valid         147  10.18      9.46   8.17    2.41     28.52
log-0079               266  36.62     37.28  36.02  -36.02     25.52
log-0080-valid         367  41.57     39.87  40.67   39.74     30.96
log-0081               827  17.56     15.60  12.27  -12.01     20.51
log-0098               235   9.77      8.45   7.24    1.84     27.08
log-0099               645  25.76     25.05  22.70  -22.69     19.81
log-0113               261  10.13     11.91   8.46   -7.86     26.08
log-0115               180  24.66     28.33  23.59  -23.59     24.36
log-0116               196   8.13      7.67   5.53   -4.32     32.31
log-0117               127   5.95      6.79   4.14   -3.66     25.49
log-0118               114  14.77     16.24  13.51  -13.37     36.98
log-0119               149   6.49      6.35   5.04    1.60     35.83
log-0120                51  18.44     18.38  17.42  -17.39     33.35
log-0122               343  22.50     23.25  20.26  -20.25     33.18
log-0125               204  28.49     30.58  27.48  -27.48     32.44
log-0126                59  25.30     28.33  24.26  -24.25     37.18
log-0127               111   9.99      8.39   8.26    6.85     36.32
log-0129               445  27.93     26.34  27.25   26.72     32.18
log-0132               295  18.90     17.44  15.84  -15.80     33.45
log-0133                93  12.70     13.86  11.40  -11.32     29.98
log-0145-filtered-c01  370   7.47      7.02   4.45   -2.90     17.61
log-0147-filtered-c01   57   6.04      5.80   4.24   -0.49     15.63
log-0147-filtered-c02  269  23.63     22.85  23.03  -23.00     13.73
log-0151-filtered-c01   71  15.81     15.02  15.09  -14.93     17.68
log-0152-filtered-c01  128  11.72     12.65  11.11  -11.05     17.58
log-0152-filtered-c02   73  32.83     31.67  32.43  -32.41     13.81
log-0155-filtered-c01  126  37.16     37.62  36.83  -36.82     23.20

Median                 252.00  15.29     15.31  12.89  -11.18     24.39
Mean                   270.03  16.45     16.61  15.06   -9.32     25.44
Std Dev                182.08  10.10     10.17  10.40   15.44      6.68


======================== CENTERED ERRORS ========================

Cache duration summary
log                    samples  dt_ms  total_s  active_s  active_%
---------------------  -------  -----  -------  --------  --------
log-0046                 61344  10.00   613.44    416.16     67.84
log-0048                108107  10.00  1081.07    431.54     39.92
log-0049                 44189  10.00   441.89    244.46     55.32
log-0054                111816  10.00  1118.16    753.30     67.37
log-0055                 43808  10.00   438.08    263.36     60.12
log-0056                 61448  10.00   614.48    301.64     49.09
log-0058                 44381  10.00   443.81    402.52     90.70
log-0063                 40781  10.00   407.81    153.27     37.58
log-0071_183             65908  10.00   659.08    424.88     64.47
log-0072_184             58385  10.00   583.85    344.61     59.02
log-0073_185             39115  10.00   391.15    326.61     83.50
log-0078-valid           22949  10.00   229.49    149.70     65.23
log-0079                 46824  10.00   468.24    266.64     56.95
log-0080-valid           64718  10.00   647.18    368.29     56.91
log-0081                113665  10.00  1136.65    827.70     72.82
log-0098                 36717  10.00   367.17    237.06     64.56
log-0099                 65579  10.00   655.79    646.10     98.52
log-0113                 29498  10.00   294.98    262.71     89.06
log-0115                 18835  10.00   188.35    181.69     96.46
log-0116                 27283  10.00   272.83    198.05     72.59
log-0117                 14148  10.00   141.48    128.40     90.75
log-0118                 16328  10.00   163.28    114.79     70.30
log-0119                 19584  10.00   195.84    150.36     76.78
log-0120                  6011  10.00    60.11     52.91     88.02
log-0122                 43803  10.00   438.03    344.65     78.68
log-0125                 24913  10.00   249.13    205.54     82.50
log-0126                 14241  10.00   142.41     59.80     41.99
log-0127                 26922  10.00   269.22    112.86     41.92
log-0129                 77819  10.00   778.19    446.17     57.33
log-0132                 34660  10.00   346.60    296.59     85.57
log-0133                 10539  10.00   105.39     94.70     89.86
log-0145-filtered-c01    39029  10.00   390.29    371.32     95.14
log-0147-filtered-c01    20838  10.00   208.38     92.18     44.24
log-0147-filtered-c02    38239  10.00   382.39    347.00     90.75
log-0151-filtered-c01     9991  10.00    99.91     91.69     91.77
log-0152-filtered-c01    16176  10.00   161.76    161.76    100.00
log-0152-filtered-c02    10216  10.00   102.16     94.33     92.34
log-0155-filtered-c01    14580  10.00   145.80    136.37     93.53

Error stats on active_mask (centered): travel/mag_model vs travel
log                      t   rmse  bin_rmse    mae  nrmse  rms_trav
---------------------  ---  -----  --------  -----  -----  --------
log-0046               415   3.41      4.36   2.20   0.17     20.31
log-0048               431   4.76      4.97   3.05   0.20     23.66
log-0049               243   3.50      3.39   2.33   0.15     22.87
log-0054               753   4.16      5.09   2.84   0.23     18.04
log-0055               263   5.37      4.85   3.57   0.22     24.41
log-0056               300   4.06      4.36   2.71   0.18     22.57
log-0058               401   4.48      5.23   2.74   0.19     23.59
log-0063               152   4.73      4.18   3.37   0.16     28.80
log-0071_183           424   3.04      3.51   1.85   0.14     21.62
log-0072_184           344   4.06      4.66   2.42   0.19     20.94
log-0073_185           326   3.98      4.43   2.60   0.21     19.07
log-0078-valid         147  10.08      9.19   7.39   0.35     28.52
log-0079               266   6.53      5.70   4.98   0.26     25.52
log-0080-valid         367  12.57      9.72   7.47   0.41     30.96
log-0081               827  13.40     11.98  10.40   0.65     20.51
log-0098               235  10.08      8.86   6.98   0.37     27.08
log-0099               645  12.88     10.20  10.58   0.65     19.81
log-0113               261   7.07      7.82   4.72   0.27     26.08
log-0115               180   7.99      8.86   5.80   0.33     24.36
log-0116               196   7.76      7.18   5.38   0.24     32.31
log-0117               127   5.19      5.74   3.35   0.20     25.49
log-0118               114   6.64      6.98   5.20   0.18     36.98
log-0119               149   6.61      6.82   5.08   0.18     35.83
log-0120                51   7.20      7.44   5.21   0.22     33.35
log-0122               343  11.07      9.53   8.68   0.33     33.18
log-0125               204   8.12      7.49   6.19   0.25     32.44
log-0126                59   7.38      8.04   6.07   0.20     37.18
log-0127               111   7.78      7.78   5.36   0.21     36.32
log-0129               445   8.94      8.53   5.39   0.28     32.18
log-0132               295  11.23      9.97   8.68   0.34     33.45
log-0133                93   6.58      7.17   4.67   0.22     29.98
log-0145-filtered-c01  370   8.75      8.84   6.32   0.50     17.61
log-0147-filtered-c01   57   7.76      7.35   5.12   0.50     15.63
log-0147-filtered-c02  269   5.48      5.40   4.25   0.40     13.73
log-0151-filtered-c01   71   5.50      5.94   3.71   0.31     17.68
log-0152-filtered-c01  128   5.09      5.44   3.40   0.29     17.58
log-0152-filtered-c02   73   5.73      4.99   4.75   0.42     13.81
log-0155-filtered-c01  126   4.89      4.79   3.94   0.21     23.20

Median                 252.00   6.59      6.90   4.86   0.24     24.39
Mean                   270.03   6.94      6.76   4.97   0.28     25.44
Std Dev                182.08   2.73      2.11   2.17   0.13      6.68

Error stats on active_mask (centered): travel/solved vs travel
log                      t  rmse  bin_rmse   mae  nrmse  rms_trav
---------------------  ---  ----  --------  ----  -----  --------
log-0046               415  2.61      3.44  1.89   0.13     20.31
log-0048               431  3.48      4.03  2.45   0.15     23.66
log-0049               243  2.85      2.79  1.93   0.12     22.87
log-0054               753  2.58      2.94  1.95   0.14     18.04
log-0055               263  3.01      3.04  2.23   0.12     24.41
log-0056               300  3.06      3.33  2.25   0.14     22.57
log-0058               401  2.73      2.95  1.99   0.12     23.59
log-0063               152  3.75      3.36  2.83   0.13     28.80
log-0071_183           424  2.15      2.38  1.53   0.10     21.62
log-0072_184           344  2.48      2.77  1.75   0.12     20.94
log-0073_185           326  2.43      2.81  1.54   0.13     19.07
log-0078-valid         147  5.54      5.37  4.40   0.19     28.52
log-0079               266  4.69      4.68  3.64   0.18     25.52
log-0080-valid         367  5.54      5.23  4.28   0.18     30.96
log-0081               827  9.40      8.19  7.58   0.46     20.51
log-0098               235  5.56      5.47  4.04   0.21     27.08
log-0099               645  8.41      7.21  7.02   0.42     19.81
log-0113               261  4.10      4.39  3.26   0.16     26.08
log-0115               180  5.69      7.30  4.19   0.23     24.36
log-0116               196  5.55      5.10  4.20   0.17     32.31
log-0117               127  3.45      3.40  2.57   0.14     25.49
log-0118               114  5.53      5.77  4.37   0.15     36.98
log-0119               149  5.37      6.07  4.38   0.15     35.83
log-0120                51  4.56      4.67  3.51   0.14     33.35
log-0122               343  8.09      7.35  6.39   0.24     33.18
log-0125               204  6.15      6.44  5.02   0.19     32.44
log-0126                59  7.12      8.08  5.67   0.19     37.18
log-0127               111  5.49      6.89  4.42   0.15     36.32
log-0129               445  4.75      4.99  3.80   0.15     32.18
log-0132               295  6.22      4.95  4.83   0.19     33.45
log-0133                93  4.78      5.09  3.70   0.16     29.98
log-0145-filtered-c01  370  5.92      5.74  4.44   0.34     17.61
log-0147-filtered-c01   57  5.77      5.63  4.11   0.37     15.63
log-0147-filtered-c02  269  5.16      5.10  4.01   0.38     13.73
log-0151-filtered-c01   71  4.71      5.21  3.08   0.27     17.68
log-0152-filtered-c01  128  3.56      3.73  2.54   0.20     17.58
log-0152-filtered-c02   73  5.31      5.06  4.41   0.38     13.81
log-0155-filtered-c01  126  5.24      5.25  3.91   0.23     23.20

Median                 252.00  4.97      5.07  3.85   0.17     24.39
Mean                   270.03  4.81      4.90  3.69   0.20     25.44
Std Dev                182.08  1.70      1.55  1.45   0.09      6.68

Error stats on active_mask (centered): travel/baseline/accel vs travel
log                      t   rmse  bin_rmse    mae  nrmse  rms_trav
---------------------  ---  -----  --------  -----  -----  --------
log-0046               415  15.87     26.11  12.73   0.78     20.31
log-0048               431  20.58     29.69  15.77   0.87     23.66
log-0049               243  20.66     27.86  16.24   0.90     22.87
log-0054               753  14.99     23.41  11.38   0.83     18.04
log-0055               263  20.25     28.22  15.93   0.83     24.41
log-0056               300  18.23     27.27  13.81   0.81     22.57
log-0058               401  17.81     24.89  13.73   0.75     23.59
log-0063               152  27.02     35.50  22.95   0.94     28.80
log-0071_183           424  15.83     20.63  12.28   0.73     21.62
log-0072_184           344  15.59     21.90  11.91   0.74     20.94
log-0073_185           326  14.98     20.95  11.25   0.79     19.07
log-0078-valid         147  22.32     33.98  17.03   0.78     28.52
log-0079               266  18.25     27.40  14.28   0.71     25.52
log-0080-valid         367  25.61     40.79  19.62   0.83     30.96
log-0081               827  14.27     27.67  10.13   0.70     20.51
log-0098               235  20.57     28.86  15.57   0.76     27.08
log-0099               645  13.79     26.39  10.41   0.70     19.81
log-0113               261  18.74     28.87  13.80   0.72     26.08
log-0115               180  17.19     27.57  12.01   0.71     24.36
log-0116               196  25.40     31.90  19.84   0.79     32.31
log-0117               127  16.12     30.09  11.15   0.63     25.49
log-0118               114  28.80     36.10  21.60   0.78     36.98
log-0119               149  26.35     33.15  20.69   0.74     35.83
log-0120                51  24.03     27.38  18.43   0.72     33.35
log-0122               343  26.69     36.04  20.85   0.80     33.18
log-0125               204  25.10     34.32  19.51   0.77     32.44
log-0126                59  28.73     31.77  22.80   0.77     37.18
log-0127               111  28.31     32.00  22.17   0.78     36.32
log-0129               445  26.54     37.28  20.58   0.82     32.18
log-0132               295  27.98     44.91  21.71   0.84     33.45
log-0133                93  22.41     28.26  17.56   0.75     29.98
log-0145-filtered-c01  370  14.38     22.95  10.99   0.82     17.61
log-0147-filtered-c01   57  23.47     24.64  16.41   1.50     15.63
log-0147-filtered-c02  269  23.64     30.84  17.20   1.72     13.73
log-0151-filtered-c01   71  22.55     30.63  15.96   1.28     17.68
log-0152-filtered-c01  128  22.72     29.65  16.15   1.29     17.58
log-0152-filtered-c02   73  24.15     34.28  16.31   1.75     13.81
log-0155-filtered-c01  126  22.25     29.55  16.20   0.96     23.20

Median                 252.00  22.28     29.21  16.17   0.78     24.39
Mean                   270.03  21.37     29.83  16.23   0.88     25.44
Std Dev                182.08   4.62      5.20   3.79   0.26      6.68

Error stats on active_mask (centered): travel/oracle/mag_power vs travel
log                      t  rmse  bin_rmse   mae  nrmse  rms_trav
---------------------  ---  ----  --------  ----  -----  --------
log-0046               415  2.40      3.05  1.61   0.12     20.31
log-0048               431  3.58      4.47  2.36   0.15     23.66
log-0049               243  3.05      3.45  1.94   0.13     22.87
log-0054               753  2.81      2.81  2.28   0.16     18.04
log-0055               263  3.51      5.20  2.74   0.14     24.41
log-0056               300  3.53      4.78  2.55   0.16     22.57
log-0058               401  3.36      3.76  2.34   0.14     23.59
log-0063               152  3.88      4.20  2.64   0.13     28.80
log-0071_183           424  2.58      2.77  1.66   0.12     21.62
log-0072_184           344  2.59      2.77  1.81   0.12     20.94
log-0073_185           326  2.27      2.63  1.48   0.12     19.07
log-0078-valid         147  6.69      5.85  5.22   0.23     28.52
log-0079               266  6.33      6.32  4.79   0.25     25.52
log-0080-valid         367  7.56      7.31  5.80   0.24     30.96
log-0081               827  8.47     10.13  6.60   0.41     20.51
log-0098               235  8.12      7.36  6.05   0.30     27.08
log-0099               645  8.88     10.61  7.13   0.45     19.81
log-0113               261  4.94      5.00  3.79   0.19     26.08
log-0115               180  4.59      4.83  3.39   0.19     24.36
log-0116               196  5.43      5.25  4.11   0.17     32.31
log-0117               127  3.59      5.15  2.72   0.14     25.49
log-0118               114  4.94      5.11  3.69   0.13     36.98
log-0119               149  4.99      5.35  3.76   0.14     35.83
log-0120                51  5.53      5.52  4.13   0.17     33.35
log-0122               343  5.77      6.45  4.49   0.17     33.18
log-0125               204  6.68      6.56  5.47   0.21     32.44
log-0126                59  6.06      5.38  4.57   0.16     37.18
log-0127               111  5.02      5.94  3.80   0.14     36.32
log-0129               445  5.37      8.29  4.16   0.17     32.18
log-0132               295  6.22      7.92  4.84   0.19     33.45
log-0133                93  5.20      5.26  3.95   0.17     29.98
log-0145-filtered-c01  370  3.52      4.04  2.76   0.20     17.61
log-0147-filtered-c01   57  4.92      4.81  3.38   0.31     15.63
log-0147-filtered-c02  269  3.62      4.41  2.36   0.26     13.73
log-0151-filtered-c01   71  4.21      5.20  2.82   0.24     17.68
log-0152-filtered-c01  128  3.73      3.74  2.52   0.21     17.58
log-0152-filtered-c02   73  3.51      3.95  2.21   0.25     13.81
log-0155-filtered-c01  126  3.53      3.59  2.53   0.15     23.20

Median                 252.00  4.75      5.13  3.38   0.17     24.39
Mean                   270.03  4.76      5.24  3.54   0.19     25.44
Std Dev                182.08  1.70      1.85  1.43   0.08      6.68

Error stats on active_mask (centered): travel/fusion1 vs travel
log                      t   rmse  bin_rmse    mae  nrmse  rms_trav
---------------------  ---  -----  --------  -----  -----  --------
log-0046               415   2.80      3.60   1.94   0.14     20.31
log-0048               431   4.63      4.88   2.98   0.20     23.66
log-0049               243   3.29      3.25   2.14   0.14     22.87
log-0054               753   3.81      4.53   2.67   0.21     18.04
log-0055               263   5.13      4.53   3.42   0.21     24.41
log-0056               300   3.74      3.91   2.58   0.17     22.57
log-0058               401   4.07      4.70   2.56   0.17     23.59
log-0063               152   4.63      4.11   3.32   0.16     28.80
log-0071_183           424   2.78      2.94   1.76   0.13     21.62
log-0072_184           344   3.02      3.28   1.98   0.14     20.94
log-0073_185           326   2.97      3.42   1.92   0.16     19.07
log-0078-valid         147   9.89      9.03   7.27   0.35     28.52
log-0079               266   6.56      5.77   5.00   0.26     25.52
log-0080-valid         367  12.20      9.26   7.33   0.39     30.96
log-0081               827  12.81     11.45   9.95   0.62     20.51
log-0098               235   9.60      8.47   6.73   0.35     27.08
log-0099               645  12.19      9.95  10.06   0.62     19.81
log-0113               261   6.39      7.08   4.37   0.24     26.08
log-0115               180   7.18      8.48   4.96   0.29     24.36
log-0116               196   6.89      6.32   4.90   0.21     32.31
log-0117               127   4.69      5.06   3.04   0.18     25.49
log-0118               114   6.28      6.64   4.99   0.17     36.98
log-0119               149   6.29      6.67   4.98   0.18     35.83
log-0120                51   6.13      6.27   4.38   0.18     33.35
log-0122               343   9.80      8.58   7.52   0.30     33.18
log-0125               204   7.53      7.24   5.87   0.23     32.44
log-0126                59   7.22      8.09   5.93   0.19     37.18
log-0127               111   7.27      7.49   5.11   0.20     36.32
log-0129               445   8.13      7.78   5.14   0.25     32.18
log-0132               295  10.37      9.09   7.95   0.31     33.45
log-0133                93   5.76      6.27   4.30   0.19     29.98
log-0145-filtered-c01  370   6.88      6.84   4.79   0.39     17.61
log-0147-filtered-c01   57   6.02      5.85   4.26   0.39     15.63
log-0147-filtered-c02  269   5.45      5.47   4.24   0.40     13.73
log-0151-filtered-c01   71   5.19      5.50   3.55   0.29     17.68
log-0152-filtered-c01  128   3.90      4.24   2.81   0.22     17.58
log-0152-filtered-c02   73   5.22      5.02   4.33   0.38     13.81
log-0155-filtered-c01  126   5.01      4.85   3.76   0.22     23.20

Median                 252.00   6.08      6.06   4.35   0.21     24.39
Mean                   270.03   6.36      6.21   4.60   0.26     25.44
Std Dev                182.08   2.65      2.08   2.07   0.12      6.68
