Experiment: mag_corr_front_default
ID: 20260911T201357Z-mag-corr-front-default
Created: 2026-09-11T13:13:57-07:00
Group: front-default
Tags: none
Pipeline code: b395148c1794
Experiment fingerprint: 2bf591d6efba5bfd916540b7140bcb2135e8efea5bdf82cb66da12ba467c7611
Notes: (none)

======================== UNCENTERED ERRORS ========================

Cache duration summary
log             samples  dt_ms  total_s  active_s  active_%
--------------  -------  -----  -------  --------  --------
log-0046          61344  10.00   613.44    375.87     61.27
log-0048         108107  10.00  1081.07    335.36     31.02
log-0049          44189  10.00   441.89    176.84     40.02
log-0054         111816  10.00  1118.16    671.94     60.09
log-0055          43808  10.00   438.08    226.51     51.71
log-0056          61448  10.00   614.48    273.25     44.47
log-0058          44381  10.00   443.81    387.07     87.22
log-0063          40781  10.00   407.81    103.45     25.37
log-0071_183      65908  10.00   659.08    416.91     63.26
log-0072_184      58385  10.00   583.85    327.72     56.13
log-0073_185      39115  10.00   391.15    287.27     73.44
log-0078-valid    22949  10.00   229.49    132.60     57.78
log-0079          46824  10.00   468.24    241.21     51.51
log-0080-valid    64718  10.00   647.18    326.94     50.52
log-0081         113665  10.00  1136.65    735.77     64.73
log-0098          36717  10.00   367.17    224.20     61.06
log-0099          65579  10.00   655.79    634.18     96.70
log-0113          29498  10.00   294.98    232.32     78.76
log-0115          18835  10.00   188.35    171.25     90.92
log-0116          27283  10.00   272.83    175.56     64.35
log-0117          14148  10.00   141.48    122.94     86.90
log-0118          16328  10.00   163.28    110.35     67.58
log-0119          19584  10.00   195.84    138.57     70.76
log-0120           6011  10.00    60.11     49.73     82.73
log-0122          43803  10.00   438.03    317.67     72.52
log-0125          24913  10.00   249.13    187.66     75.33
log-0126          14241  10.00   142.41     51.65     36.27
log-0127          26922  10.00   269.22    102.97     38.25
log-0129          77819  10.00   778.19    409.22     52.59
log-0132          34660  10.00   346.60    265.44     76.58
log-0133          10539  10.00   105.39     93.85     89.05
log103            72985  10.00   729.85    396.93     54.39
log104            59770  10.00   597.70    398.14     66.61
log106            19535  10.00   195.35    154.25     78.96
log107            25307  10.00   253.07    167.39     66.14
log109            21587  10.00   215.87    181.66     84.15
log110            21450  10.00   214.50    171.49     79.95
log112            63277  10.00   632.77    329.94     52.14

Error stats on active_mask (raw): travel/mag_model vs travel
log               t   rmse  bin_rmse    mae      me  rms_trav
--------------  ---  -----  --------  -----  ------  --------
log-0046        375  23.18     25.26  22.81  -22.81     20.24
log-0048        335  19.81     21.35  19.38  -19.38     22.24
log-0049        176  26.71     27.48  26.40  -26.40     21.94
log-0054        671  15.71     16.95  14.91  -14.91     17.53
log-0055        226  17.84     18.49  17.06  -17.06     23.17
log-0056        273  15.19     16.41  14.28  -14.27     22.16
log-0058        387   7.24      8.18   6.02   -5.84     23.06
log-0063        103  26.19     27.02  25.93  -25.93     26.03
log-0071_183    416   6.07      6.66   4.77   -4.60     21.40
log-0072_184    327   9.09     10.12   8.06   -8.01     20.85
log-0073_185    287  34.09     33.16  33.40  -33.40     19.29
log-0078-valid  132  31.66     31.35  30.62  -30.62     28.39
log-0079        241  34.80     33.93  33.92  -33.92     25.62
log-0080-valid  326  16.05     16.31  11.82  -11.69     28.92
log-0081        735  35.99     33.95  34.20  -34.20     20.92
log-0098        224  10.09      9.38   7.27    1.42     26.51
log-0099        634  32.18     31.21  29.52  -29.52     19.90
log-0113        232  21.90     23.83  20.81  -20.81     26.38
log-0115        171  32.13     34.51  31.47  -31.47     23.59
log-0116        175  14.18     14.80  11.87  -11.84     30.73
log-0117        122   9.06     10.85   7.33   -7.26     25.84
log-0118        110  29.94     31.07  29.28  -29.28     36.36
log-0119        138  17.50     18.25  16.36  -16.34     35.50
log-0120         49  20.05     20.59  18.70  -18.67     33.89
log-0122        317  36.26     37.06  35.27  -35.27     32.11
log-0125        187  39.58     40.25  38.78  -38.78     32.71
log-0126         51  39.80     41.79  39.07  -39.07     36.27
log-0127        102  23.99     25.29  22.78  -22.76     35.12
log-0129        409  10.32     11.64   6.38   -0.75     31.63
log-0132        265  35.52     35.26  33.50  -33.50     33.12
log-0133         93  14.18     15.83  12.30  -12.21     29.55
log103          396  27.59     27.72  26.90  -26.63     22.62
log104          398  37.19     37.30  36.53  -36.50     21.56
log106          154  14.83     15.22  14.36  -14.24     22.73
log107          167  21.09     20.86  20.73  -20.73     21.70
log109          181  25.91     25.53  25.49  -25.49     22.03
log110          171  28.54     28.26  27.91  -27.91     21.28
log112          329  24.45     24.79  23.83  -23.81     22.95

Median          229.00  23.58     25.03  22.80  -22.79     23.38
Mean            265.39  23.31     23.89  22.11  -21.70     25.94
Std Dev         160.09   9.75      9.50  10.09   10.78      5.38

Error stats on active_mask (raw): travel/mag_model/adj vs travel
log               t   rmse  bin_rmse    mae      me  rms_trav
--------------  ---  -----  --------  -----  ------  --------
log-0046        375  16.45     18.57  15.93  -15.92     20.24
log-0048        335   7.57      8.96   6.48   -6.38     22.24
log-0049        176   7.91      8.67   6.86   -6.80     21.94
log-0054        671   8.90     10.23   7.41   -7.39     17.53
log-0055        226   8.18      7.64   7.55    6.32     23.17
log-0056        273   9.54     10.73   8.07   -7.99     22.16
log-0058        387   4.77      5.63   3.24   -2.11     23.06
log-0063        103   4.07      4.62   3.00   -1.78     26.03
log-0071_183    416   9.85     10.28   9.04   -9.02     21.40
log-0072_184    327   4.28      4.93   2.61   -0.11     20.85
log-0073_185    287  12.59     11.73  10.58  -10.57     19.29
log-0078-valid  132  20.65     20.18  19.01  -19.01     28.39
log-0079        241  12.29     10.99   9.62   -9.53     25.62
log-0080-valid  326  19.97     18.92  18.63   16.66     28.92
log-0081        735  17.23     14.56  13.18  -13.08     20.92
log-0098        224  12.00     12.15   8.15   -6.65     26.51
log-0099        634  18.92     17.22  14.16  -13.92     19.90
log-0113        232  15.35     17.23  13.82  -13.75     26.38
log-0115        171  14.56     12.05  13.70   13.05     23.59
log-0116        175  15.88     16.52  13.84  -13.83     30.73
log-0117        122  12.64     11.45  12.08   11.41     25.84
log-0118        110  14.78     15.89  13.47  -13.39     36.36
log-0119        138   6.34      6.10   4.74    1.08     35.50
log-0120         49   7.36      7.61   5.21   -0.81     33.89
log-0122        317  10.58     10.59   7.71   -6.46     32.11
log-0125        187  16.08     16.40  14.04  -13.98     32.71
log-0126         51  19.78     21.74  18.29  -18.27     36.27
log-0127        102   9.92      8.96   8.48    6.43     35.12
log-0129        409  18.66     20.61  15.57  -15.56     31.63
log-0132        265  16.58     16.05  11.87  -11.62     33.12
log-0133         93  12.72     14.37  10.64  -10.49     29.55
log103          396  17.57     17.87  16.90  -16.01     22.62
log104          398  25.76     25.96  25.05  -24.74     21.56
log106          154   7.03      7.69   6.16   -5.67     22.73
log107          167   6.43      6.80   5.46   -5.14     21.70
log109          181  14.13     14.11  13.34  -13.33     22.03
log110          171  12.23     12.08  10.72  -10.67     21.28
log112          329  10.87     11.38   9.87   -9.33     22.95

Median          229.00  12.44     11.89  10.61   -9.18     23.38
Mean            265.39  12.64     12.83  10.91   -7.33     25.94
Std Dev         160.09   5.10      5.07   4.97    8.98      5.38

Error stats on active_mask (raw): travel/solved vs travel
log               t   rmse  bin_rmse    mae      me  rms_trav
--------------  ---  -----  --------  -----  ------  --------
log-0046        375  14.04     14.48  13.69  -13.66     20.24
log-0048        335   5.60      7.24   4.91   -4.70     22.24
log-0049        176   6.44      7.16   5.77   -5.66     21.94
log-0054        671   6.05      6.55   5.49   -5.43     17.53
log-0055        226   8.54      7.96   7.94    7.54     23.17
log-0056        273   5.94      6.80   5.19   -4.89     22.16
log-0058        387   3.25      3.69   2.50   -0.79     23.06
log-0063        103   3.51      4.09   2.70   -1.57     26.03
log-0071_183    416   8.05      7.75   7.66   -7.59     21.40
log-0072_184    327   3.18      3.36   2.31    1.31     20.85
log-0073_185    287   9.42      8.88   8.15   -7.97     19.29
log-0078-valid  132  16.66     17.06  15.94  -15.85     28.39
log-0079        241   8.80      8.66   7.35   -6.78     25.62
log-0080-valid  326  19.00     18.40  17.96   17.67     28.92
log-0081        735  13.83     12.20  11.31  -11.13     20.92
log-0098        224   7.58      8.44   6.24   -5.58     26.51
log-0099        634  13.04     13.19  11.00  -10.90     19.90
log-0113        232  11.87     13.16  11.10  -11.00     26.38
log-0115        171  15.62     14.17  14.82   14.59     23.59
log-0116        175  12.06     12.18  11.15  -11.00     30.73
log-0117        122  13.16     12.36  12.59   12.45     25.84
log-0118        110  13.93     14.78  12.51  -11.78     36.36
log-0119        138   6.54      6.38   4.90    2.84     35.50
log-0120         49   5.84      5.90   4.45    1.55     33.89
log-0122        317   7.63      8.07   5.94   -3.86     32.11
log-0125        187  12.95     13.83  11.51  -11.20     32.71
log-0126         51  18.50     20.68  16.71  -16.25     36.27
log-0127        102  10.94     10.05   9.35    8.82     35.12
log-0129        409  12.87     13.34  11.95  -11.86     31.63
log-0132        265  10.27      9.76   7.81   -7.15     33.12
log-0133         93   9.86     10.62   8.71   -8.48     29.55
log103          396  15.42     16.53  14.78  -14.56     22.62
log104          398  21.53     23.92  20.94  -20.76     21.56
log106          154   6.00      6.37   5.32   -5.12     22.73
log107          167   5.14      5.16   4.54   -4.26     21.70
log109          181  11.90     11.64  11.47  -11.46     22.03
log110          171   9.23      9.19   8.63   -8.61     21.28
log112          329   9.19     10.04   8.40   -8.08     22.95

Median          229.00   9.64      9.90   8.52   -6.96     23.38
Mean            265.39  10.35     10.63   9.31   -5.29     25.94
Std Dev         160.09   4.50      4.65   4.47    8.52      5.38

Error stats on active_mask (raw): travel/solved/mag_nuisance/delta_lifted vs travel
log               t   rmse  bin_rmse    mae      me  rms_trav
--------------  ---  -----  --------  -----  ------  --------
log-0046        375  14.38     14.98  14.04  -14.03     20.24
log-0048        335   6.00      7.77   5.23   -5.11     22.24
log-0049        176   6.99      7.75   6.22   -6.16     21.94
log-0054        671   6.43      7.00   5.78   -5.75     17.53
log-0055        226   8.15      7.58   7.50    6.90     23.17
log-0056        273   6.19      7.02   5.40   -5.23     22.16
log-0058        387   3.43      3.82   2.60   -1.17     23.06
log-0063        103   3.71      4.29   2.83   -1.79     26.03
log-0071_183    416   8.29      8.11   7.88   -7.86     21.40
log-0072_184    327   3.13      3.33   2.28    0.96     20.85
log-0073_185    287  10.36      9.82   8.94   -8.84     19.29
log-0078-valid  132  16.99     17.34  16.28  -16.25     28.39
log-0079        241   9.52      9.29   8.06   -7.86     25.62
log-0080-valid  326  18.61     17.90  17.48   17.10     28.92
log-0081        735  14.27     12.68  11.70  -11.61     20.92
log-0098        224   7.80      8.56   6.36   -5.68     26.51
log-0099        634  13.42     13.38  11.31  -11.24     19.90
log-0113        232  12.26     13.45  11.52  -11.46     26.38
log-0115        171  15.03     13.15  14.20   13.89     23.59
log-0116        175  12.30     12.44  11.38  -11.31     30.73
log-0117        122  12.90     11.90  12.33   12.15     25.84
log-0118        110  14.22     15.06  12.88  -12.32     36.36
log-0119        138   5.89      5.73   4.49    1.91     35.50
log-0120         49   5.57      5.63   4.24    0.80     33.89
log-0122        317   8.20      8.56   6.41   -4.84     32.11
log-0125        187  13.67     14.42  12.20  -12.07     32.71
log-0126         51  18.82     20.96  17.18  -17.05     36.27
log-0127        102   9.90      8.99   8.45    7.52     35.12
log-0129        409  13.09     13.51  12.13  -12.10     31.63
log-0132        265  10.98     10.34   8.33   -7.81     33.12
log-0133         93  10.25     11.08   9.07   -8.92     29.55
log103          396  15.88     16.82  15.25  -15.13     22.62
log104          398  22.12     24.31  21.57  -21.52     21.56
log106          154   6.16      6.59   5.46   -5.33     22.73
log107          167   5.48      5.68   4.79   -4.59     21.70
log109          181  12.25     12.08  11.79  -11.79     22.03
log110          171   9.94     10.04   9.24   -9.23     21.28
log112          329   9.75     10.71   8.86   -8.65     22.95

Median          229.00  10.10     10.19   8.90   -7.83     23.38
Mean            265.39  10.59     10.85   9.52   -5.83     25.94
Std Dev         160.09   4.52      4.66   4.50    8.48      5.38

Error stats on active_mask (raw): travel/mag_nuisance/corrected vs travel
log               t   rmse  bin_rmse    mae      me  rms_trav
--------------  ---  -----  --------  -----  ------  --------
log-0046        375  14.67     15.99  14.33  -14.33     20.24
log-0048        335   6.24      7.87   5.38   -5.28     22.24
log-0049        176   7.29      8.16   6.37   -6.34     21.94
log-0054        671   6.80      7.75   6.00   -5.99     17.53
log-0055        226   8.18      7.53   7.57    6.71     23.17
log-0056        273   6.67      7.73   5.81   -5.72     22.16
log-0058        387   3.57      4.21   2.64   -1.35     23.06
log-0063        103   3.92      4.54   2.93   -1.90     26.03
log-0071_183    416   8.53      8.51   8.13   -8.12     21.40
log-0072_184    327   3.32      3.64   2.32    0.70     20.85
log-0073_185    287  10.98     10.61   9.39   -9.37     19.29
log-0078-valid  132  17.40     17.85  16.77  -16.77     28.39
log-0079        241   9.69      9.40   8.27   -8.21     25.62
log-0080-valid  326  18.53     17.79  17.45   16.89     28.92
log-0081        735  14.61     12.85  11.98  -11.94     20.92
log-0098        224   8.16      9.06   6.53   -5.94     26.51
log-0099        634  14.10     14.22  11.78  -11.74     19.90
log-0113        232  12.61     14.29  11.85  -11.82     26.38
log-0115        171  14.59     12.17  13.76   13.42     23.59
log-0116        175  12.70     13.06  11.79  -11.78     30.73
log-0117        122  12.81     11.63  12.28   12.06     25.84
log-0118        110  14.23     15.25  13.01  -12.53     36.36
log-0119        138   5.37      5.09   4.17    1.67     35.50
log-0120         49   5.55      5.65   4.24    0.34     33.89
log-0122        317   8.69      9.01   6.75   -5.53     32.11
log-0125        187  13.94     14.76  12.54  -12.49     32.71
log-0126         51  18.95     21.15  17.52  -17.50     36.27
log-0127        102   9.64      8.64   8.26    7.18     35.12
log-0129        409  13.98     14.86  12.89  -12.88     31.63
log-0132        265  11.83     11.55   9.02   -8.77     33.12
log-0133         93  10.45     11.55   9.30   -9.17     29.55
log103          396  15.71     17.06  15.07  -14.96     22.62
log104          398  22.32     24.65  21.76  -21.72     21.56
log106          154   6.28      6.82   5.54   -5.42     22.73
log107          167   5.66      6.06   4.87   -4.68     21.70
log109          181  12.54     12.96  12.04  -12.04     22.03
log110          171  10.37     10.77   9.50   -9.50     21.28
log112          329   9.80     10.79   8.87   -8.66     22.95

Median          229.00  10.41     10.78   9.16   -8.17     23.38
Mean            265.39  10.81     11.20   9.70   -6.14     25.94
Std Dev         160.09   4.53      4.72   4.54    8.51      5.38


======================== CENTERED ERRORS ========================

Cache duration summary
log             samples  dt_ms  total_s  active_s  active_%
--------------  -------  -----  -------  --------  --------
log-0046          61344  10.00   613.44    375.87     61.27
log-0048         108107  10.00  1081.07    335.36     31.02
log-0049          44189  10.00   441.89    176.84     40.02
log-0054         111816  10.00  1118.16    671.94     60.09
log-0055          43808  10.00   438.08    226.51     51.71
log-0056          61448  10.00   614.48    273.25     44.47
log-0058          44381  10.00   443.81    387.07     87.22
log-0063          40781  10.00   407.81    103.45     25.37
log-0071_183      65908  10.00   659.08    416.91     63.26
log-0072_184      58385  10.00   583.85    327.72     56.13
log-0073_185      39115  10.00   391.15    287.27     73.44
log-0078-valid    22949  10.00   229.49    132.60     57.78
log-0079          46824  10.00   468.24    241.21     51.51
log-0080-valid    64718  10.00   647.18    326.94     50.52
log-0081         113665  10.00  1136.65    735.77     64.73
log-0098          36717  10.00   367.17    224.20     61.06
log-0099          65579  10.00   655.79    634.18     96.70
log-0113          29498  10.00   294.98    232.32     78.76
log-0115          18835  10.00   188.35    171.25     90.92
log-0116          27283  10.00   272.83    175.56     64.35
log-0117          14148  10.00   141.48    122.94     86.90
log-0118          16328  10.00   163.28    110.35     67.58
log-0119          19584  10.00   195.84    138.57     70.76
log-0120           6011  10.00    60.11     49.73     82.73
log-0122          43803  10.00   438.03    317.67     72.52
log-0125          24913  10.00   249.13    187.66     75.33
log-0126          14241  10.00   142.41     51.65     36.27
log-0127          26922  10.00   269.22    102.97     38.25
log-0129          77819  10.00   778.19    409.22     52.59
log-0132          34660  10.00   346.60    265.44     76.58
log-0133          10539  10.00   105.39     93.85     89.05
log103            72985  10.00   729.85    396.93     54.39
log104            59770  10.00   597.70    398.14     66.61
log106            19535  10.00   195.35    154.25     78.96
log107            25307  10.00   253.07    167.39     66.14
log109            21587  10.00   215.87    181.66     84.15
log110            21450  10.00   214.50    171.49     79.95
log112            63277  10.00   632.77    329.94     52.14

Error stats on active_mask (centered): travel/mag_model vs travel
log               t   rmse  bin_rmse    mae     me  rms_trav
--------------  ---  -----  --------  -----  -----  --------
log-0046        375   4.12      5.54   2.68  -0.00     20.24
log-0048        335   4.07      4.46   2.71   0.00     22.24
log-0049        176   4.04      4.33   2.82   0.00     21.94
log-0054        671   4.95      5.95   3.31   0.00     17.53
log-0055        226   5.19      5.22   3.72  -0.00     23.17
log-0056        273   5.21      5.75   3.44   0.00     22.16
log-0058        387   4.27      4.91   2.70  -0.00     23.06
log-0063        103   3.66      3.90   2.66   0.00     26.03
log-0071_183    416   3.97      4.70   2.36  -0.00     21.40
log-0072_184    327   4.28      4.91   2.63   0.00     20.85
log-0073_185    287   6.85      6.72   5.76   0.00     19.29
log-0078-valid  132   8.07      6.80   6.14   0.00     28.39
log-0079        241   7.76      6.42   5.80  -0.00     25.62
log-0080-valid  326  11.00     10.44   7.98  -0.00     28.92
log-0081        735  11.21      8.76   9.27  -0.00     20.92
log-0098        224   9.99      9.43   6.87  -0.00     26.51
log-0099        634  12.82     10.13  10.67   0.00     19.90
log-0113        232   6.82      7.41   4.84  -0.00     26.38
log-0115        171   6.46      6.39   4.73   0.00     23.59
log-0116        175   7.80      7.94   5.42   0.00     30.73
log-0117        122   5.43      6.34   3.49   0.00     25.84
log-0118        110   6.26      6.58   5.13   0.00     36.36
log-0119        138   6.25      6.16   4.65   0.00     35.50
log-0120         49   7.32      7.52   5.33   0.00     33.89
log-0122        317   8.39      7.57   6.49  -0.00     32.11
log-0125        187   7.93      7.03   6.05  -0.00     32.71
log-0126         51   7.57      8.22   6.14   0.00     36.27
log-0127        102   7.56      7.55   5.74   0.00     35.12
log-0129        409  10.29     11.51   6.58  -0.00     31.63
log-0132        265  11.82     11.09   9.62  -0.00     33.12
log-0133         93   7.21      8.11   4.92  -0.00     29.55
log103          396   7.23      8.26   4.31   0.00     22.62
log104          398   7.15      8.25   4.44  -0.00     21.56
log106          154   4.15      5.09   2.61  -0.00     22.73
log107          167   3.88      4.97   2.44   0.00     21.70
log109          181   4.68      6.49   3.08   0.00     22.03
log110          171   5.97      6.29   4.33  -0.00     21.28
log112          329   5.57      6.23   3.63   0.00     22.95

Median          229.00   6.64      6.53   4.69   0.00     23.38
Mean            265.39   6.77      6.93   4.88   0.00     25.94
Std Dev         160.09   2.39      1.86   2.06   0.00      5.38

Error stats on active_mask (centered): travel/mag_model/adj vs travel
log               t   rmse  bin_rmse    mae     me  rms_trav
--------------  ---  -----  --------  -----  -----  --------
log-0046        375   4.12      5.54   2.68  -0.00     20.24
log-0048        335   4.07      4.46   2.71   0.00     22.24
log-0049        176   4.04      4.33   2.82   0.00     21.94
log-0054        671   4.95      5.95   3.31   0.00     17.53
log-0055        226   5.19      5.22   3.72  -0.00     23.17
log-0056        273   5.21      5.75   3.44  -0.00     22.16
log-0058        387   4.27      4.91   2.70   0.00     23.06
log-0063        103   3.66      3.90   2.66   0.00     26.03
log-0071_183    416   3.97      4.70   2.36  -0.00     21.40
log-0072_184    327   4.28      4.91   2.63   0.00     20.85
log-0073_185    287   6.85      6.72   5.76  -0.00     19.29
log-0078-valid  132   8.07      6.80   6.14   0.00     28.39
log-0079        241   7.76      6.42   5.80  -0.00     25.62
log-0080-valid  326  11.00     10.44   7.98  -0.00     28.92
log-0081        735  11.21      8.76   9.27  -0.00     20.92
log-0098        224   9.99      9.43   6.87  -0.00     26.51
log-0099        634  12.82     10.13  10.67  -0.00     19.90
log-0113        232   6.82      7.41   4.84  -0.00     26.38
log-0115        171   6.46      6.39   4.73   0.00     23.59
log-0116        175   7.80      7.94   5.42   0.00     30.73
log-0117        122   5.43      6.34   3.49  -0.00     25.84
log-0118        110   6.26      6.58   5.13   0.00     36.36
log-0119        138   6.25      6.16   4.65   0.00     35.50
log-0120         49   7.32      7.52   5.33   0.00     33.89
log-0122        317   8.39      7.57   6.49   0.00     32.11
log-0125        187   7.93      7.03   6.05  -0.00     32.71
log-0126         51   7.57      8.22   6.14   0.00     36.27
log-0127        102   7.56      7.55   5.74  -0.00     35.12
log-0129        409  10.29     11.51   6.58  -0.00     31.63
log-0132        265  11.82     11.09   9.62  -0.00     33.12
log-0133         93   7.21      8.11   4.92  -0.00     29.55
log103          396   7.23      8.26   4.31   0.00     22.62
log104          398   7.15      8.25   4.44  -0.00     21.56
log106          154   4.15      5.09   2.61   0.00     22.73
log107          167   3.88      4.97   2.44   0.00     21.70
log109          181   4.68      6.49   3.08   0.00     22.03
log110          171   5.97      6.29   4.33   0.00     21.28
log112          329   5.57      6.23   3.63  -0.00     22.95

Median          229.00   6.64      6.53   4.69   0.00     23.38
Mean            265.39   6.77      6.93   4.88   0.00     25.94
Std Dev         160.09   2.39      1.86   2.06   0.00      5.38

Error stats on active_mask (centered): travel/solved vs travel
log               t  rmse  bin_rmse   mae     me  rms_trav
--------------  ---  ----  --------  ----  -----  --------
log-0046        375  3.27      4.27  2.38  -0.00     20.24
log-0048        335  3.04      3.86  2.31   0.00     22.24
log-0049        176  3.07      3.39  2.12  -0.00     21.94
log-0054        671  2.66      2.96  2.00   0.00     17.53
log-0055        226  3.99      4.06  2.85  -0.00     23.17
log-0056        273  3.38      3.86  2.58  -0.00     22.16
log-0058        387  3.16      3.50  2.38   0.00     23.06
log-0063        103  3.14      3.40  2.46   0.00     26.03
log-0071_183    416  2.66      2.90  1.91  -0.00     21.40
log-0072_184    327  2.90      3.27  2.11   0.00     20.85
log-0073_185    287  5.02      5.05  3.71   0.00     19.29
log-0078-valid  132  5.14      5.19  3.80   0.00     28.39
log-0079        241  5.61      5.46  4.12  -0.00     25.62
log-0080-valid  326  7.00      6.97  5.20  -0.00     28.92
log-0081        735  8.21      6.97  6.64   0.00     20.92
log-0098        224  5.13      5.43  3.86   0.00     26.51
log-0099        634  7.16      6.54  5.93   0.00     19.90
log-0113        232  4.46      5.10  3.49  -0.00     26.38
log-0115        171  5.57      6.39  4.04  -0.00     23.59
log-0116        175  4.95      4.98  3.76   0.00     30.73
log-0117        122  4.27      5.02  3.00  -0.00     25.84
log-0118        110  7.42      8.22  5.73   0.00     36.36
log-0119        138  5.90      6.08  4.54  -0.00     35.50
log-0120         49  5.63      5.75  4.23   0.00     33.89
log-0122        317  6.58      6.49  5.21   0.00     32.11
log-0125        187  6.50      6.48  5.21  -0.00     32.71
log-0126         51  8.85      9.85  6.88   0.00     36.27
log-0127        102  6.48      6.96  5.00   0.00     35.12
log-0129        409  5.00      5.22  3.91  -0.00     31.63
log-0132        265  7.38      6.75  5.69  -0.00     33.12
log-0133         93  5.03      5.47  3.89   0.00     29.55
log103          396  5.08      5.92  3.60   0.00     22.62
log104          398  5.74      7.97  3.69  -0.00     21.56
log106          154  3.12      3.62  2.31   0.00     22.73
log107          167  2.87      3.63  1.93   0.00     21.70
log109          181  3.21      4.35  2.30  -0.00     22.03
log110          171  3.33      3.74  2.33   0.00     21.28
log112          329  4.38      5.05  3.20  -0.00     22.95

Median          229.00  5.01      5.15  3.70   0.00     23.38
Mean            265.39  4.90      5.27  3.69   0.00     25.94
Std Dev         160.09  1.67      1.59  1.37   0.00      5.38

Error stats on active_mask (centered): travel/solved/mag_nuisance/delta_lifted vs travel
log               t  rmse  bin_rmse   mae     me  rms_trav
--------------  ---  ----  --------  ----  -----  --------
log-0046        375  3.12      3.89  2.26  -0.00     20.24
log-0048        335  3.14      4.04  2.34  -0.00     22.24
log-0049        176  3.30      3.56  2.35  -0.00     21.94
log-0054        671  2.87      3.16  2.12   0.00     17.53
log-0055        226  4.33      4.35  3.20  -0.00     23.17
log-0056        273  3.30      3.70  2.51  -0.00     22.16
log-0058        387  3.22      3.44  2.39  -0.00     23.06
log-0063        103  3.25      3.46  2.53   0.00     26.03
log-0071_183    416  2.63      2.89  1.87   0.00     21.40
log-0072_184    327  2.98      3.35  2.14   0.00     20.85
log-0073_185    287  5.41      5.48  4.26  -0.00     19.29
log-0078-valid  132  4.98      4.91  3.74  -0.00     28.39
log-0079        241  5.37      5.10  4.11   0.00     25.62
log-0080-valid  326  7.36      7.31  5.54  -0.00     28.92
log-0081        735  8.31      6.95  6.81   0.00     20.92
log-0098        224  5.34      5.51  3.97   0.00     26.51
log-0099        634  7.34      6.48  6.12  -0.00     19.90
log-0113        232  4.36      4.70  3.45  -0.00     26.38
log-0115        171  5.73      6.12  4.24   0.00     23.59
log-0116        175  4.84      4.80  3.71   0.00     30.73
log-0117        122  4.33      4.91  3.07  -0.00     25.84
log-0118        110  7.10      7.70  5.48  -0.00     36.36
log-0119        138  5.57      5.67  4.31  -0.00     35.50
log-0120         49  5.51      5.61  4.15   0.00     33.89
log-0122        317  6.62      6.32  5.28  -0.00     32.11
log-0125        187  6.41      6.14  5.12  -0.00     32.71
log-0126         51  7.98      8.92  6.38   0.00     36.27
log-0127        102  6.43      6.69  5.03   0.00     35.12
log-0129        409  5.01      5.11  3.94  -0.00     31.63
log-0132        265  7.71      6.93  6.00  -0.00     33.12
log-0133         93  5.05      5.39  3.90   0.00     29.55
log103          396  4.80      5.53  3.41   0.00     22.62
log104          398  5.09      7.15  3.34  -0.00     21.56
log106          154  3.10      3.59  2.26   0.00     22.73
log107          167  3.00      3.84  1.98  -0.00     21.70
log109          181  3.31      4.48  2.35  -0.00     22.03
log110          171  3.68      4.12  2.67  -0.00     21.28
log112          329  4.50      5.31  3.20   0.00     22.95

Median          229.00  4.91      5.10  3.58  -0.00     23.38
Mean            265.39  4.91      5.17  3.72   0.00     25.94
Std Dev         160.09  1.60      1.42  1.36   0.00      5.38

Error stats on active_mask (centered): travel/mag_nuisance/corrected vs travel
log               t  rmse  bin_rmse   mae     me  rms_trav
--------------  ---  ----  --------  ----  -----  --------
log-0046        375  3.14      3.95  2.28   0.00     20.24
log-0048        335  3.34      3.94  2.44  -0.00     22.24
log-0049        176  3.61      3.89  2.52  -0.00     21.94
log-0054        671  3.23      3.82  2.21   0.00     17.53
log-0055        226  4.69      4.73  3.42  -0.00     23.17
log-0056        273  3.44      3.83  2.49  -0.00     22.16
log-0058        387  3.30      3.71  2.39  -0.00     23.06
log-0063        103  3.43      3.65  2.64   0.00     26.03
log-0071_183    416  2.61      2.94  1.78  -0.00     21.40
log-0072_184    327  3.24      3.71  2.21   0.00     20.85
log-0073_185    287  5.71      5.86  4.60   0.00     19.29
log-0078-valid  132  4.65      4.47  3.56   0.00     28.39
log-0079        241  5.15      4.73  4.01  -0.00     25.62
log-0080-valid  326  7.62      7.69  5.63   0.00     28.92
log-0081        735  8.41      6.87  6.92   0.00     20.92
log-0098        224  5.59      5.89  3.95  -0.00     26.51
log-0099        634  7.80      6.93  6.44   0.00     19.90
log-0113        232  4.39      4.78  3.37  -0.00     26.38
log-0115        171  5.72      5.98  4.32  -0.00     23.59
log-0116        175  4.72      4.68  3.57   0.00     30.73
log-0117        122  4.31      4.97  3.00   0.00     25.84
log-0118        110  6.76      7.29  5.22   0.00     36.36
log-0119        138  5.10      5.11  4.02   0.00     35.50
log-0120         49  5.54      5.67  4.20   0.00     33.89
log-0122        317  6.71      6.17  5.44  -0.00     32.11
log-0125        187  6.17      5.81  4.88  -0.00     32.71
log-0126         51  7.28      8.22  5.85   0.00     36.27
log-0127        102  6.44      6.66  5.09   0.00     35.12
log-0129        409  5.43      5.77  3.95  -0.00     31.63
log-0132        265  7.93      7.40  6.37  -0.00     33.12
log-0133         93  5.01      5.42  3.80   0.00     29.55
log103          396  4.79      6.02  3.47   0.00     22.62
log104          398  5.11      7.28  3.38  -0.00     21.56
log106          154  3.17      3.71  2.31  -0.00     22.73
log107          167  3.18      4.14  2.06   0.00     21.70
log109          181  3.50      5.66  2.38   0.00     22.03
log110          171  4.18      4.76  2.95  -0.00     21.28
log112          329  4.58      5.41  3.24  -0.00     22.95

Median          229.00  4.76      5.26  3.51   0.00     23.38
Mean            265.39  4.97      5.30  3.75   0.00     25.94
Std Dev         160.09  1.54      1.32  1.35   0.00      5.38
