Experiment: mag_corr_front_default_no_oob
ID: 20260910T024506Z-mag-corr-front-default-no-oob
Created: 2026-09-09T19:45:06-07:00
Group: front-default
Tags: none
Pipeline code: 1fd9663e7a79
Experiment fingerprint: bbabc8727e374f51f55c94395eb8e6157e67c0748e63429345f2f1c2a7073c24
Notes: (none)

======================== UNCENTERED ERRORS ========================

Cache duration summary
log             samples  dt_ms  total_s  active_s  active_%
--------------  -------  -----  -------  --------  --------
log-0046          61344  10.00   613.44    375.87     61.27
log-0048         108107  10.00  1081.07    335.36     31.02
log-0049          44189  10.00   441.89    176.84     40.02
log-0054         111816  10.00  1118.16    671.94     60.09
log-0055          43808  10.00   438.08    226.51     51.71
log-0056          61448  10.00   614.48    273.25     44.47
log-0058          44381  10.00   443.81    387.07     87.22
log-0063          40781  10.00   407.81    103.45     25.37
log-0071_183      65908  10.00   659.08    416.91     63.26
log-0072_184      58385  10.00   583.85    327.72     56.13
log-0073_185      39115  10.00   391.15    287.27     73.44
log-0078-valid    22949  10.00   229.49    132.60     57.78
log-0079          46824  10.00   468.24    241.21     51.51
log-0080-valid    64718  10.00   647.18    326.94     50.52
log-0081         113665  10.00  1136.65    735.77     64.73
log-0098          36717  10.00   367.17    224.20     61.06
log-0099          65579  10.00   655.79    634.18     96.70
log-0113          29498  10.00   294.98    236.19     80.07
log-0115          18835  10.00   188.35    171.92     91.28
log-0116          27283  10.00   272.83    180.12     66.02
log-0117          14148  10.00   141.48    123.56     87.33
log-0118          16328  10.00   163.28    110.60     67.74
log-0119          19584  10.00   195.84    139.52     71.24
log-0120           6011  10.00    60.11     49.68     82.65
log-0122          43803  10.00   438.03    320.51     73.17
log-0125          24913  10.00   249.13    189.97     76.25
log-0126          14241  10.00   142.41     54.49     38.26
log-0127          26922  10.00   269.22    105.01     39.01
log-0129          77819  10.00   778.19    415.56     53.40
log-0132          34660  10.00   346.60    267.48     77.17
log-0133          10539  10.00   105.39     93.82     89.02
log103            72985  10.00   729.85    396.93     54.39
log104            59770  10.00   597.70    398.14     66.61
log106            19535  10.00   195.35    154.25     78.96
log107            25307  10.00   253.07    167.39     66.14
log109            21587  10.00   215.87    181.66     84.15
log110            21450  10.00   214.50    171.49     79.95
log112            63277  10.00   632.77    329.94     52.14

Error stats on active_mask (raw): travel/mag_model vs travel
log               t   rmse  bin_rmse    mae      me  rms_trav
--------------  ---  -----  --------  -----  ------  --------
log-0046        375  23.18     25.26  22.81  -22.81     20.24
log-0048        335  19.81     21.35  19.38  -19.38     22.24
log-0049        176  26.71     27.48  26.40  -26.40     21.94
log-0054        671  15.71     16.95  14.91  -14.91     17.53
log-0055        226  17.84     18.49  17.06  -17.06     23.17
log-0056        273  15.19     16.41  14.28  -14.27     22.16
log-0058        387   7.24      8.18   6.02   -5.84     23.06
log-0063        103  26.19     27.02  25.93  -25.93     26.03
log-0071_183    416   6.07      6.66   4.77   -4.60     21.40
log-0072_184    327   9.09     10.12   8.06   -8.01     20.85
log-0073_185    287  34.09     33.16  33.40  -33.40     19.29
log-0078-valid  132  31.66     31.35  30.62  -30.62     28.39
log-0079        241  34.80     33.93  33.92  -33.92     25.62
log-0080-valid  326  16.05     16.31  11.82  -11.69     28.92
log-0081        735  35.99     33.95  34.20  -34.20     20.92
log-0098        224  10.09      9.38   7.27    1.42     26.51
log-0099        634  32.18     31.21  29.52  -29.52     19.90
log-0113        236  30.88     33.26  30.16  -30.16     29.28
log-0115        171  41.52     43.91  41.03  -41.03     26.42
log-0116        180  22.82     23.79  21.63  -21.62     34.57
log-0117        123  17.47     20.04  16.60  -16.59     28.77
log-0118        110  40.71     40.24  39.74  -39.74     40.18
log-0119        139  27.05     27.68  26.02  -26.02     39.62
log-0120         49  29.12     30.03  28.31  -28.31     37.74
log-0122        320  45.68     46.64  44.99  -44.99     35.94
log-0125        189  49.13     49.67  48.41  -48.41     36.34
log-0126         54  49.31     50.37  48.16  -48.16     40.37
log-0127        105  33.24     34.16  32.36  -32.35     39.60
log-0129        415  14.22     16.48  11.16  -10.77     34.86
log-0132        267  44.57     45.16  43.38  -43.38     36.68
log-0133         93  23.53     25.14  22.35  -22.32     32.73
log103          396  27.59     27.72  26.90  -26.63     22.62
log104          398  37.19     37.30  36.53  -36.50     21.56
log106          154  14.83     15.22  14.36  -14.24     22.73
log107          167  21.09     20.86  20.73  -20.73     21.70
log109          181  25.91     25.53  25.49  -25.49     22.03
log110          171  28.54     28.26  27.91  -27.91     21.28
log112          329  24.45     24.79  23.83  -23.81     22.95

Median          231.00  26.45     27.25  25.98  -25.98     24.39
Mean            266.18  26.60     27.20  25.54  -25.27     27.27
Std Dev         159.91  11.34     11.20  11.57   12.04      6.95

Error stats on active_mask (raw): travel/mag_model/adj vs travel
log               t   rmse  bin_rmse    mae      me  rms_trav
--------------  ---  -----  --------  -----  ------  --------
log-0046        375  16.45     18.57  15.93  -15.92     20.24
log-0048        335   7.57      8.96   6.48   -6.38     22.24
log-0049        176   7.91      8.67   6.86   -6.80     21.94
log-0054        671   8.90     10.23   7.41   -7.39     17.53
log-0055        226   8.18      7.64   7.55    6.32     23.17
log-0056        273   9.54     10.73   8.07   -7.99     22.16
log-0058        387   4.77      5.63   3.24   -2.11     23.06
log-0063        103   4.07      4.62   3.00   -1.78     26.03
log-0071_183    416   9.85     10.28   9.04   -9.02     21.40
log-0072_184    327   4.28      4.93   2.61   -0.11     20.85
log-0073_185    287  12.59     11.73  10.58  -10.57     19.29
log-0078-valid  132  20.65     20.18  19.01  -19.01     28.39
log-0079        241  12.29     10.99   9.62   -9.53     25.62
log-0080-valid  326  19.97     18.92  18.63   16.66     28.92
log-0081        735  17.23     14.56  13.18  -13.08     20.92
log-0098        224  12.00     12.15   8.15   -6.65     26.51
log-0099        634  18.92     17.22  14.16  -13.92     19.90
log-0113        236  24.04     26.41  23.11  -23.10     29.28
log-0115        171   7.23      6.76   6.06    3.49     26.42
log-0116        180  24.71     25.68  23.61  -23.61     34.57
log-0117        123   5.87      6.45   4.66    2.08     28.77
log-0118        110  25.44     25.03  23.90  -23.85     40.18
log-0119        139  11.34     11.98   9.48   -8.60     39.62
log-0120         49  12.49     13.29  10.68  -10.45     37.74
log-0122        320  17.99     18.78  16.19  -16.17     35.94
log-0125        189  25.07     25.56  23.61  -23.61     36.34
log-0126         54  29.33     30.38  27.37  -27.36     40.37
log-0127        105   8.29      8.79   6.48   -3.16     39.60
log-0129        415  27.21     29.27  25.58  -25.58     34.86
log-0132        267  23.81     24.23  21.51  -21.51     36.68
log-0133         93  21.90     23.52  20.63  -20.60     32.73
log103          396  17.57     17.87  16.90  -16.01     22.62
log104          398  25.76     25.96  25.05  -24.74     21.56
log106          154   7.03      7.69   6.16   -5.67     22.73
log107          167   6.43      6.80   5.46   -5.14     21.70
log109          181  14.13     14.11  13.34  -13.33     22.03
log110          171  12.23     12.08  10.72  -10.67     21.28
log112          329  10.87     11.38   9.87   -9.33     22.95

Median          231.00  12.39     12.11  10.63   -9.99     24.39
Mean            266.18  14.58     14.95  13.00  -10.90     27.27
Std Dev         159.91   7.34      7.46   7.28    9.74      6.95

Error stats on active_mask (raw): travel/solved vs travel
log               t   rmse  bin_rmse    mae      me  rms_trav
--------------  ---  -----  --------  -----  ------  --------
log-0046        375  14.35     14.95  14.03  -14.01     20.24
log-0048        335   5.73      7.36   5.01   -4.81     22.24
log-0049        176   6.55      7.29   5.84   -5.73     21.94
log-0054        671   6.34      6.91   5.74   -5.70     17.53
log-0055        226   8.54      7.97   7.95    7.51     23.17
log-0056        273   6.25      7.08   5.51   -5.26     22.16
log-0058        387   3.27      3.72   2.50   -0.86     23.06
log-0063        103   3.51      4.09   2.71   -1.56     26.03
log-0071_183    416   8.19      7.93   7.82   -7.77     21.40
log-0072_184    327   3.17      3.36   2.29    1.23     20.85
log-0073_185    287  10.06      9.61   8.63   -8.49     19.29
log-0078-valid  132  17.15     17.44  16.42  -16.36     28.39
log-0079        241   9.04      8.85   7.52   -6.97     25.62
log-0080-valid  326  19.11     18.51  18.08   17.78     28.92
log-0081        735  14.52     12.73  11.76  -11.58     20.92
log-0098        224   7.71      8.54   6.34   -5.67     26.51
log-0099        634  14.02     13.90  11.65  -11.56     19.90
log-0113        236  21.59     23.20  20.74  -20.69     29.28
log-0115        171   8.16      9.02   6.71    5.07     26.42
log-0116        180  22.02     22.36  20.97  -20.90     34.57
log-0117        123   6.30      7.24   4.97    3.10     28.77
log-0118        110  24.73     23.88  22.83  -22.39     40.18
log-0119        139  10.92     11.53   9.03   -6.79     39.62
log-0120         49  10.93     11.49   9.38   -8.19     37.74
log-0122        320  15.69     16.48  14.15  -13.73     35.94
log-0125        189  22.90     23.43  21.46  -21.33     36.34
log-0126         54  28.30     29.39  25.93  -25.65     40.37
log-0127        105   8.41      8.86   6.50   -0.81     39.60
log-0129        415  23.33     23.23  22.22  -22.18     34.86
log-0132        267  19.29     19.26  17.73  -17.54     36.68
log-0133         93  20.00     20.26  18.77  -18.70     32.73
log103          396  15.55     16.63  14.91  -14.73     22.62
log104          398  22.05     24.24  21.46  -21.34     21.56
log106          154   6.13      6.52   5.46   -5.28     22.73
log107          167   5.32      5.42   4.70   -4.44     21.70
log109          181  12.19     11.95  11.76  -11.75     22.03
log110          171   9.51      9.57   8.86   -8.84     21.28
log112          329   9.29     10.12   8.49   -8.19     22.95

Median          231.00  10.49     10.81   8.94   -8.19     24.39
Mean            266.18  12.63     13.01  11.49   -9.08     27.27
Std Dev         159.91   6.81      6.84   6.63    9.28      6.95

Error stats on active_mask (raw): travel/solved/mag_nuisance/delta_lifted vs travel
log               t   rmse  bin_rmse    mae      me  rms_trav
--------------  ---  -----  --------  -----  ------  --------
log-0046        375  14.73     15.55  14.41  -14.40     20.24
log-0048        335   6.16      7.91   5.34   -5.23     22.24
log-0049        176   7.08      7.85   6.28   -6.22     21.94
log-0054        671   6.76      7.42   6.05   -6.03     17.53
log-0055        226   8.16      7.59   7.52    6.88     23.17
log-0056        273   6.60      7.45   5.79   -5.65     22.16
log-0058        387   3.46      3.86   2.61   -1.24     23.06
log-0063        103   3.71      4.30   2.83   -1.80     26.03
log-0071_183    416   8.44      8.30   8.05   -8.02     21.40
log-0072_184    327   3.15      3.38   2.28    0.87     20.85
log-0073_185    287  11.01     10.53   9.45   -9.35     19.29
log-0078-valid  132  17.59     17.82  16.81  -16.79     28.39
log-0079        241   9.85      9.58   8.28   -8.08     25.62
log-0080-valid  326  18.74     18.04  17.63   17.18     28.92
log-0081        735  15.06     13.31  12.20  -12.10     20.92
log-0098        224   8.23      8.98   6.61   -5.92     26.51
log-0099        634  14.71     14.37  12.10  -12.03     19.90
log-0113        236  21.94     23.52  21.14  -21.13     29.28
log-0115        171   7.55      7.79   6.32    4.37     26.42
log-0116        180  22.33     22.68  21.31  -21.28     34.57
log-0117        123   5.96      6.59   4.76    2.81     28.77
log-0118        110  25.03     24.24  23.24  -22.90     40.18
log-0119        139  11.03     11.61   9.09   -7.72     39.62
log-0120         49  11.15     11.68   9.59   -8.93     37.74
log-0122        320  16.40     17.15  14.92  -14.70     35.94
log-0125        189  23.57     24.07  22.19  -22.16     36.34
log-0126         54  28.63     29.71  26.45  -26.38     40.37
log-0127        105   7.95      8.35   6.18   -2.07     39.60
log-0129        415  23.60     23.54  22.51  -22.50     34.86
log-0132        267  19.96     19.91  18.35  -18.22     36.68
log-0133         93  20.36     20.74  19.20  -19.16     32.73
log103          396  15.99     16.92  15.36  -15.25     22.62
log104          398  22.68     24.68  22.12  -22.09     21.56
log106          154   6.31      6.77   5.61   -5.49     22.73
log107          167   5.66      5.93   4.94   -4.75     21.70
log109          181  12.54     12.39  12.07  -12.07     22.03
log110          171  10.27     10.47   9.50   -9.49     21.28
log112          329   9.84     10.76   8.94   -8.73     22.95

Median          231.00  11.02     11.18   9.47   -8.83     24.39
Mean            266.18  12.95     13.31  11.79   -9.63     27.27
Std Dev         159.91   6.89      6.92   6.76    9.29      6.95

Error stats on active_mask (raw): travel/mag_nuisance/corrected vs travel
log               t   rmse  bin_rmse    mae      me  rms_trav
--------------  ---  -----  --------  -----  ------  --------
log-0046        375  15.14     16.84  14.77  -14.77     20.24
log-0048        335   6.46      8.08   5.52   -5.43     22.24
log-0049        176   7.32      8.19   6.40   -6.36     21.94
log-0054        671   7.39      8.54   6.39   -6.37     17.53
log-0055        226   8.18      7.53   7.58    6.70     23.17
log-0056        273   7.48      8.62   6.40   -6.32     22.16
log-0058        387   3.82      4.54   2.71   -1.49     23.06
log-0063        103   3.92      4.54   2.93   -1.90     26.03
log-0071_183    416   8.96      9.11   8.42   -8.41     21.40
log-0072_184    327   3.46      3.80   2.36    0.58     20.85
log-0073_185    287  11.49     11.03   9.80   -9.78     19.29
log-0078-valid  132  18.40     18.72  17.57  -17.57     28.39
log-0079        241   9.95      9.62   8.43   -8.38     25.62
log-0080-valid  326  18.67     17.94  17.61   16.86     28.92
log-0081        735  15.34     13.45  12.42  -12.38     20.92
log-0098        224   9.71     10.61   7.03   -6.42     26.51
log-0099        634  15.56     15.53  12.62  -12.58     19.90
log-0113        236  22.56     24.93  21.83  -21.82     29.28
log-0115        171   6.96      6.64   5.93    3.88     26.42
log-0116        180  23.08     23.84  22.17  -22.17     34.57
log-0117        123   5.80      6.25   4.66    2.62     28.77
log-0118        110  25.08     24.48  23.51  -23.20     40.18
log-0119        139  10.67     11.29   8.80   -8.03     39.62
log-0120         49  11.39     12.11   9.86   -9.59     37.74
log-0122        320  16.80     17.65  15.43  -15.41     35.94
log-0125        189  23.80     24.46  22.61  -22.61     36.34
log-0126         54  28.73     29.86  26.76  -26.75     40.37
log-0127        105   7.53      8.02   5.96   -2.46     39.60
log-0129        415  25.34     26.64  23.97  -23.97     34.86
log-0132        267  21.15     21.63  19.58  -19.57     36.68
log-0133         93  20.75     21.91  19.62  -19.60     32.73
log103          396  15.81     17.13  15.16  -15.03     22.62
log104          398  22.73     24.85  22.14  -22.08     21.56
log106          154   6.40      6.96   5.67   -5.55     22.73
log107          167   5.80      6.23   4.99   -4.80     21.70
log109          181  12.87     13.30  12.35  -12.35     22.03
log110          171  10.63     11.06   9.69   -9.69     21.28
log112          329   9.85     10.83   8.92   -8.69     22.95

Median          231.00  11.03     11.17   9.74   -9.14     24.39
Mean            266.18  13.29     13.86  12.07  -10.02     27.27
Std Dev         159.91   7.01      7.19   6.95    9.42      6.95


======================== CENTERED ERRORS ========================

Cache duration summary
log             samples  dt_ms  total_s  active_s  active_%
--------------  -------  -----  -------  --------  --------
log-0046          61344  10.00   613.44    375.87     61.27
log-0048         108107  10.00  1081.07    335.36     31.02
log-0049          44189  10.00   441.89    176.84     40.02
log-0054         111816  10.00  1118.16    671.94     60.09
log-0055          43808  10.00   438.08    226.51     51.71
log-0056          61448  10.00   614.48    273.25     44.47
log-0058          44381  10.00   443.81    387.07     87.22
log-0063          40781  10.00   407.81    103.45     25.37
log-0071_183      65908  10.00   659.08    416.91     63.26
log-0072_184      58385  10.00   583.85    327.72     56.13
log-0073_185      39115  10.00   391.15    287.27     73.44
log-0078-valid    22949  10.00   229.49    132.60     57.78
log-0079          46824  10.00   468.24    241.21     51.51
log-0080-valid    64718  10.00   647.18    326.94     50.52
log-0081         113665  10.00  1136.65    735.77     64.73
log-0098          36717  10.00   367.17    224.20     61.06
log-0099          65579  10.00   655.79    634.18     96.70
log-0113          29498  10.00   294.98    236.19     80.07
log-0115          18835  10.00   188.35    171.92     91.28
log-0116          27283  10.00   272.83    180.12     66.02
log-0117          14148  10.00   141.48    123.56     87.33
log-0118          16328  10.00   163.28    110.60     67.74
log-0119          19584  10.00   195.84    139.52     71.24
log-0120           6011  10.00    60.11     49.68     82.65
log-0122          43803  10.00   438.03    320.51     73.17
log-0125          24913  10.00   249.13    189.97     76.25
log-0126          14241  10.00   142.41     54.49     38.26
log-0127          26922  10.00   269.22    105.01     39.01
log-0129          77819  10.00   778.19    415.56     53.40
log-0132          34660  10.00   346.60    267.48     77.17
log-0133          10539  10.00   105.39     93.82     89.02
log103            72985  10.00   729.85    396.93     54.39
log104            59770  10.00   597.70    398.14     66.61
log106            19535  10.00   195.35    154.25     78.96
log107            25307  10.00   253.07    167.39     66.14
log109            21587  10.00   215.87    181.66     84.15
log110            21450  10.00   214.50    171.49     79.95
log112            63277  10.00   632.77    329.94     52.14

Error stats on active_mask (centered): travel/mag_model vs travel
log               t   rmse  bin_rmse    mae     me  rms_trav
--------------  ---  -----  --------  -----  -----  --------
log-0046        375   4.12      5.54   2.68  -0.00     20.24
log-0048        335   4.07      4.46   2.71   0.00     22.24
log-0049        176   4.04      4.33   2.82   0.00     21.94
log-0054        671   4.95      5.95   3.31   0.00     17.53
log-0055        226   5.19      5.22   3.72  -0.00     23.17
log-0056        273   5.21      5.75   3.44   0.00     22.16
log-0058        387   4.27      4.91   2.70  -0.00     23.06
log-0063        103   3.66      3.90   2.66   0.00     26.03
log-0071_183    416   3.97      4.70   2.36  -0.00     21.40
log-0072_184    327   4.28      4.91   2.63   0.00     20.85
log-0073_185    287   6.85      6.72   5.76   0.00     19.29
log-0078-valid  132   8.07      6.80   6.14   0.00     28.39
log-0079        241   7.76      6.42   5.80  -0.00     25.62
log-0080-valid  326  11.00     10.44   7.98  -0.00     28.92
log-0081        735  11.21      8.76   9.27  -0.00     20.92
log-0098        224   9.99      9.43   6.87  -0.00     26.51
log-0099        634  12.82     10.13  10.67   0.00     19.90
log-0113        236   6.64      7.58   5.10   0.00     29.28
log-0115        171   6.33      7.08   4.79  -0.00     26.42
log-0116        180   7.28      7.63   5.39   0.00     34.57
log-0117        123   5.49      6.87   4.20   0.00     28.77
log-0118        110   8.83      9.11   7.32  -0.00     40.18
log-0119        139   7.39      7.73   6.08   0.00     39.62
log-0120         49   6.84      6.93   5.32   0.00     37.74
log-0122        320   7.90      7.60   6.22   0.00     35.94
log-0125        189   8.42      8.28   6.78   0.00     36.34
log-0126         54  10.57     10.86   8.64  -0.00     40.37
log-0127        105   7.67      7.85   6.14  -0.00     39.60
log-0129        415   9.29     11.01   6.61  -0.00     34.86
log-0132        267  10.22      9.55   7.77   0.00     36.68
log-0133         93   7.43      8.63   5.66  -0.00     32.73
log103          396   7.23      8.26   4.31   0.00     22.62
log104          398   7.15      8.25   4.44  -0.00     21.56
log106          154   4.15      5.09   2.61  -0.00     22.73
log107          167   3.88      4.97   2.44   0.00     21.70
log109          181   4.68      6.49   3.08   0.00     22.03
log110          171   5.97      6.29   4.33  -0.00     21.28
log112          329   5.57      6.23   3.63   0.00     22.95

Median          231.00   6.85      6.90   4.94   0.00     24.39
Mean            266.18   6.85      7.12   5.06  -0.00     27.27
Std Dev         159.91   2.37      1.90   2.10   0.00      6.95

Error stats on active_mask (centered): travel/mag_model/adj vs travel
log               t   rmse  bin_rmse    mae     me  rms_trav
--------------  ---  -----  --------  -----  -----  --------
log-0046        375   4.12      5.54   2.68  -0.00     20.24
log-0048        335   4.07      4.46   2.71   0.00     22.24
log-0049        176   4.04      4.33   2.82   0.00     21.94
log-0054        671   4.95      5.95   3.31   0.00     17.53
log-0055        226   5.19      5.22   3.72  -0.00     23.17
log-0056        273   5.21      5.75   3.44  -0.00     22.16
log-0058        387   4.27      4.91   2.70   0.00     23.06
log-0063        103   3.66      3.90   2.66   0.00     26.03
log-0071_183    416   3.97      4.70   2.36  -0.00     21.40
log-0072_184    327   4.28      4.91   2.63   0.00     20.85
log-0073_185    287   6.85      6.72   5.76  -0.00     19.29
log-0078-valid  132   8.07      6.80   6.14   0.00     28.39
log-0079        241   7.76      6.42   5.80  -0.00     25.62
log-0080-valid  326  11.00     10.44   7.98  -0.00     28.92
log-0081        735  11.21      8.76   9.27  -0.00     20.92
log-0098        224   9.99      9.43   6.87  -0.00     26.51
log-0099        634  12.82     10.13  10.67  -0.00     19.90
log-0113        236   6.64      7.58   5.10   0.00     29.28
log-0115        171   6.33      7.08   4.79  -0.00     26.42
log-0116        180   7.28      7.63   5.39   0.00     34.57
log-0117        123   5.49      6.87   4.20   0.00     28.77
log-0118        110   8.83      9.11   7.32  -0.00     40.18
log-0119        139   7.39      7.73   6.08   0.00     39.62
log-0120         49   6.84      6.93   5.32   0.00     37.74
log-0122        320   7.90      7.60   6.22  -0.00     35.94
log-0125        189   8.42      8.28   6.78   0.00     36.34
log-0126         54  10.57     10.86   8.64  -0.00     40.37
log-0127        105   7.67      7.85   6.14  -0.00     39.60
log-0129        415   9.29     11.01   6.61  -0.00     34.86
log-0132        267  10.22      9.55   7.77   0.00     36.68
log-0133         93   7.43      8.63   5.66  -0.00     32.73
log103          396   7.23      8.26   4.31   0.00     22.62
log104          398   7.15      8.25   4.44  -0.00     21.56
log106          154   4.15      5.09   2.61   0.00     22.73
log107          167   3.88      4.97   2.44   0.00     21.70
log109          181   4.68      6.49   3.08   0.00     22.03
log110          171   5.97      6.29   4.33   0.00     21.28
log112          329   5.57      6.23   3.63  -0.00     22.95

Median          231.00   6.85      6.90   4.94  -0.00     24.39
Mean            266.18   6.85      7.12   5.06   0.00     27.27
Std Dev         159.91   2.37      1.90   2.10   0.00      6.95

Error stats on active_mask (centered): travel/solved vs travel
log               t   rmse  bin_rmse   mae     me  rms_trav
--------------  ---  -----  --------  ----  -----  --------
log-0046        375   3.12      4.05  2.22   0.00     20.24
log-0048        335   3.11      3.90  2.32   0.00     22.24
log-0049        176   3.16      3.49  2.16   0.00     21.94
log-0054        671   2.78      3.16  2.04   0.00     17.53
log-0055        226   4.07      4.14  2.89   0.00     23.17
log-0056        273   3.37      3.82  2.53  -0.00     22.16
log-0058        387   3.15      3.50  2.37  -0.00     23.06
log-0063        103   3.14      3.40  2.47   0.00     26.03
log-0071_183    416   2.62      2.87  1.86   0.00     21.40
log-0072_184    327   2.92      3.29  2.10   0.00     20.85
log-0073_185    287   5.39      5.50  4.10  -0.00     19.29
log-0078-valid  132   5.15      5.09  3.80   0.00     28.39
log-0079        241   5.75      5.57  4.20  -0.00     25.62
log-0080-valid  326   7.01      7.10  5.18  -0.00     28.92
log-0081        735   8.75      7.39  7.08  -0.00     20.92
log-0098        224   5.22      5.49  3.92  -0.00     26.51
log-0099        634   7.94      7.02  6.53   0.00     19.90
log-0113        236   6.16      7.97  4.79   0.00     29.28
log-0115        171   6.39      8.41  4.77  -0.00     26.42
log-0116        180   6.93      7.74  5.46   0.00     34.57
log-0117        123   5.49      7.21  4.25  -0.00     28.77
log-0118        110  10.52     11.52  8.31   0.00     40.18
log-0119        139   8.55      9.14  6.87   0.00     39.62
log-0120         49   7.23      7.73  5.58   0.00     37.74
log-0122        320   7.60      8.01  5.97   0.00     35.94
log-0125        189   8.34      8.79  6.70   0.00     36.34
log-0126         54  11.96     12.48  9.47  -0.00     40.37
log-0127        105   8.37      8.76  6.48  -0.00     39.60
log-0129        415   7.24      8.20  5.77  -0.00     34.86
log-0132        267   8.03      7.93  6.11   0.00     36.68
log-0133         93   7.09      8.37  5.64  -0.00     32.73
log103          396   4.98      5.77  3.54   0.00     22.62
log104          398   5.53      7.52  3.56  -0.00     21.56
log106          154   3.10      3.60  2.26  -0.00     22.73
log107          167   2.94      3.75  1.95   0.00     21.70
log109          181   3.24      4.41  2.29  -0.00     22.03
log110          171   3.53      4.00  2.46  -0.00     21.28
log112          329   4.39      5.03  3.19  -0.00     22.95

Median          231.00   5.44      5.67  4.01   0.00     24.39
Mean            266.18   5.64      6.19  4.29   0.00     27.27
Std Dev         159.91   2.37      2.40  1.97   0.00      6.95

Error stats on active_mask (centered): travel/solved/mag_nuisance/delta_lifted vs travel
log               t   rmse  bin_rmse   mae     me  rms_trav
--------------  ---  -----  --------  ----  -----  --------
log-0046        375   3.10      3.88  2.19  -0.00     20.24
log-0048        335   3.24      4.10  2.38   0.00     22.24
log-0049        176   3.38      3.66  2.40  -0.00     21.94
log-0054        671   3.05      3.45  2.20   0.00     17.53
log-0055        226   4.38      4.41  3.22  -0.00     23.17
log-0056        273   3.41      3.78  2.52  -0.00     22.16
log-0058        387   3.22      3.45  2.39  -0.00     23.06
log-0063        103   3.25      3.47  2.54  -0.00     26.03
log-0071_183    416   2.63      2.90  1.84   0.00     21.40
log-0072_184    327   3.03      3.41  2.15   0.00     20.85
log-0073_185    287   5.81      5.95  4.68   0.00     19.29
log-0078-valid  132   5.26      5.04  3.89  -0.00     28.39
log-0079        241   5.63      5.33  4.25  -0.00     25.62
log-0080-valid  326   7.49      7.57  5.57  -0.00     28.92
log-0081        735   8.96      7.49  7.33   0.00     20.92
log-0098        224   5.72      5.85  4.18  -0.00     26.51
log-0099        634   8.46      7.33  6.90   0.00     19.90
log-0113        236   5.91      7.43  4.64   0.00     29.28
log-0115        171   6.16      7.60  4.69   0.00     26.42
log-0116        180   6.74      7.45  5.34   0.00     34.57
log-0117        123   5.25      6.72  4.11   0.00     28.77
log-0118        110  10.11     10.89  8.00   0.00     40.18
log-0119        139   7.87      8.35  6.38   0.00     39.62
log-0120         49   6.68      6.97  5.15   0.00     37.74
log-0122        320   7.27      7.43  5.76   0.00     35.94
log-0125        189   8.03      8.28  6.48  -0.00     36.34
log-0126         54  11.14     11.57  9.03  -0.00     40.37
log-0127        105   7.68      7.90  6.05   0.00     39.60
log-0129        415   7.11      7.93  5.72  -0.00     34.86
log-0132        267   8.15      7.84  6.22   0.00     36.68
log-0133         93   6.89      7.89  5.49  -0.00     32.73
log103          396   4.80      5.49  3.40   0.00     22.62
log104          398   5.14      6.93  3.34  -0.00     21.56
log106          154   3.12      3.62  2.23   0.00     22.73
log107          167   3.09      3.99  2.04   0.00     21.70
log109          181   3.39      4.58  2.37   0.00     22.03
log110          171   3.94      4.45  2.84  -0.00     21.28
log112          329   4.55      5.30  3.22   0.00     22.95

Median          231.00   5.45      5.90  4.15   0.00     24.39
Mean            266.18   5.61      6.04  4.29   0.00     27.27
Std Dev         159.91   2.20      2.12  1.87   0.00      6.95

Error stats on active_mask (centered): travel/mag_nuisance/corrected vs travel
log               t   rmse  bin_rmse   mae     me  rms_trav
--------------  ---  -----  --------  ----  -----  --------
log-0046        375   3.32      4.41  2.29  -0.00     20.24
log-0048        335   3.51      4.07  2.52  -0.00     22.24
log-0049        176   3.63      3.92  2.53  -0.00     21.94
log-0054        671   3.74      4.55  2.43   0.00     17.53
log-0055        226   4.70      4.73  3.42  -0.00     23.17
log-0056        273   4.00      4.45  2.74   0.00     22.16
log-0058        387   3.52      4.00  2.45  -0.00     23.06
log-0063        103   3.43      3.65  2.64   0.00     26.03
log-0071_183    416   3.09      3.60  1.94  -0.00     21.40
log-0072_184    327   3.41      3.87  2.26   0.00     20.85
log-0073_185    287   6.03      6.13  4.94   0.00     19.29
log-0078-valid  132   5.48      5.17  3.91   0.00     28.39
log-0079        241   5.36      4.94  4.12  -0.00     25.62
log-0080-valid  326   8.03      8.13  5.77   0.00     28.92
log-0081        735   9.04      7.45  7.41   0.00     20.92
log-0098        224   7.28      7.59  4.49  -0.00     26.51
log-0099        634   9.17      8.20  7.32   0.00     19.90
log-0113        236   5.74      7.06  4.52   0.00     29.28
log-0115        171   5.78      6.83  4.51  -0.00     26.42
log-0116        180   6.42      7.01  5.00   0.00     34.57
log-0117        123   5.17      6.53  4.05  -0.00     28.77
log-0118        110   9.53     10.07  7.59  -0.00     40.18
log-0119        139   7.03      7.40  5.89   0.00     39.62
log-0120         49   6.15      6.27  4.82   0.00     37.74
log-0122        320   6.70      6.56  5.48   0.00     35.94
log-0125        189   7.43      7.56  6.03   0.00     36.34
log-0126         54  10.46     10.84  8.50  -0.00     40.37
log-0127        105   7.11      7.34  5.76   0.00     39.60
log-0129        415   8.20      9.74  5.89  -0.00     34.86
log-0132        267   8.02      7.68  6.21   0.00     36.68
log-0133         93   6.81      7.98  5.30  -0.00     32.73
log103          396   4.90      6.11  3.50   0.00     22.62
log104          398   5.41      7.37  3.51  -0.00     21.56
log106          154   3.19      3.74  2.28  -0.00     22.73
log107          167   3.26      4.26  2.10  -0.00     21.70
log109          181   3.61      5.78  2.44   0.00     22.03
log110          171   4.38      5.00  3.09  -0.00     21.28
log112          329   4.64      5.46  3.25  -0.00     22.95

Median          231.00   5.44      6.20  4.08  -0.00     24.39
Mean            266.18   5.70      6.20  4.29  -0.00     27.27
Std Dev         159.91   2.02      1.87  1.75   0.00      6.95
