Experiment: imudropout_harry
ID: 20260919T220734Z-imudropout-harry
Created: 2026-09-19T23:07:34+01:00
Group: harry
Tags: none
Pipeline code: d5704544c548
Experiment fingerprint: 4ef82f84b234e3de5616c588bb672976da6ba8b8e9b50fbc401a5dcf124f8db5
Notes: (none)

======================== UNCENTERED ERRORS ========================

Cache duration summary
log       samples  dt_ms  total_s  active_s  active_%
--------  -------  -----  -------  --------  --------
log-0113    29498  10.00   294.98    232.98     78.98
log-0115    18835  10.00   188.35    171.26     90.93
log-0116    27283  10.00   272.83    175.82     64.44
log-0117    14148  10.00   141.48    122.91     86.87
log-0118    16328  10.00   163.28    110.26     67.53
log-0119    19584  10.00   195.84    138.51     70.73
log-0120     6011  10.00    60.11     49.75     82.76
log-0122    43803  10.00   438.03    318.23     72.65
log-0125    24913  10.00   249.13    187.66     75.33
log-0126    14241  10.00   142.41     51.60     36.23
log-0127    26922  10.00   269.22    102.10     37.92
log-0129    77819  10.00   778.19    409.92     52.68
log-0132    34660  10.00   346.60    266.52     76.90
log-0133    10539  10.00   105.39     93.85     89.05

Error stats on active_mask (raw): travel/mag_model vs travel
log         t   rmse  bin_rmse    mae      me  rms_trav
--------  ---  -----  --------  -----  ------  --------
log-0113  232  10.94     13.20   8.91   -8.32     26.40
log-0115  171  25.16     28.68  24.13  -24.13     23.58
log-0116  175   8.73      9.23   5.65   -4.54     30.57
log-0117  122   6.51      7.95   4.44   -3.98     25.85
log-0118  110  15.02     15.94  13.67  -13.50     36.32
log-0119  138   6.71      6.75   5.05    0.79     35.49
log-0120   49  20.06     20.59  18.71  -18.68     33.87
log-0122  318  23.34     24.42  20.84  -20.83     32.22
log-0125  187  29.97     31.08  28.87  -28.87     32.72
log-0126   51  26.93     28.48  25.98  -25.98     36.28
log-0127  102   9.92      9.40   8.03    6.55     34.91
log-0129  409  27.83     27.36  27.16   26.39     31.50
log-0132  266  19.48     20.35  16.14  -16.12     33.08
log-0133   93  13.33     14.66  11.74  -11.66     29.58

Median    154.50  17.25     18.14  14.90  -12.58     32.47
Mean      173.07  17.42     18.44  15.67  -10.20     31.60
Std Dev   99.48   7.98      8.24   8.38   14.24      3.86

Error stats on active_mask (raw): travel/mag_model/adj vs travel
log         t   rmse  bin_rmse    mae      me  rms_trav
--------  ---  -----  --------  -----  ------  --------
log-0113  232  10.94     13.20   8.91   -8.32     26.40
log-0115  171  25.16     28.68  24.13  -24.13     23.58
log-0116  175   8.73      9.23   5.65   -4.54     30.57
log-0117  122   6.51      7.95   4.44   -3.98     25.85
log-0118  110  15.02     15.94  13.67  -13.50     36.32
log-0119  138   6.71      6.75   5.05    0.79     35.49
log-0120   49  20.06     20.59  18.71  -18.68     33.87
log-0122  318  23.34     24.42  20.84  -20.83     32.22
log-0125  187  29.97     31.08  28.87  -28.87     32.72
log-0126   51  26.93     28.48  25.98  -25.98     36.28
log-0127  102   9.92      9.40   8.03    6.55     34.91
log-0129  409  27.83     27.36  27.16   26.39     31.50
log-0132  266  19.48     20.35  16.14  -16.12     33.08
log-0133   93  13.33     14.66  11.74  -11.66     29.58

Median    154.50  17.25     18.14  14.90  -12.58     32.47
Mean      173.07  17.42     18.44  15.67  -10.20     31.60
Std Dev   99.48   7.98      8.24   8.38   14.24      3.86

Error stats on active_mask (raw): travel/solved vs travel
log         t   rmse  bin_rmse    mae      me  rms_trav
--------  ---  -----  --------  -----  ------  --------
log-0113  232  11.69     12.74  10.96  -10.90     26.40
log-0115  171   5.72      7.61   3.92   -2.25     23.58
log-0116  175  10.22      9.87   9.23    8.86     30.57
log-0117  122  11.44     12.16  10.96  -10.93     25.85
log-0118  110  15.33     14.66  14.36   14.30     36.32
log-0119  138   6.27      6.99   5.12   -3.22     35.49
log-0120   49   6.43      6.50   5.21   -4.47     33.87
log-0122  318  11.36     10.36  10.08    8.64     32.22
log-0125  187   9.30     10.15   8.02   -7.06     32.72
log-0126   51  54.92     53.43  54.48   54.48     36.28
log-0127  102  10.72     11.94   9.52   -9.22     34.91
log-0129  409   7.83      8.15   6.61   -6.30     31.50
log-0132  266  12.76     12.51  11.25  -11.15     33.08
log-0133   93  10.15      9.58   9.13    9.01     29.58

Median    154.50  10.47     10.26   9.38   -3.85     32.47
Mean      173.07  13.15     13.33  12.06    2.13     31.60
Std Dev   99.48  11.87     11.36  12.08   16.72      3.86

Error stats on active_mask (raw): travel/solved/mag_nuisance/delta_lifted vs travel
log         t   rmse  bin_rmse    mae      me  rms_trav
--------  ---  -----  --------  -----  ------  --------
log-0113  232   9.84     11.68   8.45   -8.21     26.40
log-0115  171  24.28     27.41  23.55  -23.55     23.58
log-0116  175   6.99      7.44   5.00   -4.08     30.57
log-0117  122   6.70      8.17   4.60   -4.20     25.85
log-0118  110  15.27     16.15  14.28  -14.14     36.32
log-0119  138   5.59      5.74   4.38    0.89     35.49
log-0120   49  18.59     19.01  17.78  -17.75     33.87
log-0122  318  21.64     22.75  20.01  -20.00     32.22
log-0125  187  28.82     30.03  28.08  -28.08     32.72
log-0126   51  26.32     27.89  25.58  -25.58     36.28
log-0127  102   8.87      8.29   7.47    6.66     34.91
log-0129  409  27.30     26.68  26.71   26.67     31.50
log-0132  266  17.93     18.75  15.55  -15.52     33.08
log-0133   93  12.19     13.18  11.25  -11.22     29.58

Median    154.50  16.60     17.45  14.92  -12.68     32.47
Mean      173.07  16.45     17.37  15.19   -9.87     31.60
Std Dev   99.48   7.96      8.21   8.28   14.08      3.86

Error stats on active_mask (raw): travel/mag_nuisance/corrected vs travel
log         t   rmse  bin_rmse    mae      me  rms_trav
--------  ---  -----  --------  -----  ------  --------
log-0113  232  10.08     12.14   8.55   -8.31     26.40
log-0115  171  24.75     28.33  23.90  -23.90     23.58
log-0116  175   7.27      7.76   5.10   -4.24     30.57
log-0117  122   7.07      8.71   4.75   -4.37     25.85
log-0118  110  15.40     16.45  14.36  -14.21     36.32
log-0119  138   5.69      5.76   4.44    0.77     35.49
log-0120   49  19.13     19.65  18.20  -18.17     33.87
log-0122  318  22.23     23.46  20.36  -20.35     32.22
log-0125  187  29.10     30.36  28.33  -28.33     32.72
log-0126   51  26.56     28.20  25.79  -25.78     36.28
log-0127  102   8.94      8.33   7.50    6.70     34.91
log-0129  409  27.26     26.61  26.65   26.59     31.50
log-0132  266  18.43     19.42  15.82  -15.80     33.08
log-0133   93  12.38     13.45  11.36  -11.30     29.58

Median    154.50  16.91     17.93  15.09  -12.75     32.47
Mean      173.07  16.74     17.76  15.36  -10.05     31.60
Std Dev   99.48   7.99      8.29   8.34   14.16      3.86


======================== CENTERED ERRORS ========================

Cache duration summary
log       samples  dt_ms  total_s  active_s  active_%
--------  -------  -----  -------  --------  --------
log-0113    29498  10.00   294.98    232.98     78.98
log-0115    18835  10.00   188.35    171.26     90.93
log-0116    27283  10.00   272.83    175.82     64.44
log-0117    14148  10.00   141.48    122.91     86.87
log-0118    16328  10.00   163.28    110.26     67.53
log-0119    19584  10.00   195.84    138.51     70.73
log-0120     6011  10.00    60.11     49.75     82.76
log-0122    43803  10.00   438.03    318.23     72.65
log-0125    24913  10.00   249.13    187.66     75.33
log-0126    14241  10.00   142.41     51.60     36.23
log-0127    26922  10.00   269.22    102.10     37.92
log-0129    77819  10.00   778.19    409.92     52.68
log-0132    34660  10.00   346.60    266.52     76.90
log-0133    10539  10.00   105.39     93.85     89.05

Error stats on active_mask (centered): travel/mag_model vs travel
log         t   rmse  bin_rmse   mae  nrmse  rms_trav
--------  ---  -----  --------  ----  -----  --------
log-0113  232   7.11      8.37  4.77   0.27     26.40
log-0115  171   7.12      7.98  5.11   0.30     23.58
log-0116  175   7.46      7.72  5.00   0.24     30.57
log-0117  122   5.15      5.93  3.30   0.20     25.85
log-0118  110   6.59      7.09  5.15   0.18     36.32
log-0119  138   6.66      6.82  5.04   0.19     35.49
log-0120   49   7.31      7.43  5.34   0.22     33.87
log-0122  318  10.54     10.24  7.94   0.33     32.22
log-0125  187   8.03      7.59  6.02   0.25     32.72
log-0126   51   7.12      7.33  5.85   0.20     36.28
log-0127  102   7.46      7.78  5.22   0.21     34.91
log-0129  409   8.83     10.01  5.28   0.28     31.50
log-0132  266  10.94     11.24  8.14   0.33     33.08
log-0133   93   6.47      7.24  4.60   0.22     29.58

Median    154.50   7.22      7.66  5.19   0.23     32.47
Mean      173.07   7.63      8.06  5.48   0.24     31.60
Std Dev   99.48   1.50      1.41  1.21   0.05      3.86

Error stats on active_mask (centered): travel/mag_model/adj vs travel
log         t   rmse  bin_rmse   mae  nrmse  rms_trav
--------  ---  -----  --------  ----  -----  --------
log-0113  232   7.11      8.37  4.77   0.27     26.40
log-0115  171   7.12      7.98  5.11   0.30     23.58
log-0116  175   7.46      7.72  5.00   0.24     30.57
log-0117  122   5.15      5.93  3.30   0.20     25.85
log-0118  110   6.59      7.09  5.15   0.18     36.32
log-0119  138   6.66      6.82  5.04   0.19     35.49
log-0120   49   7.31      7.43  5.34   0.22     33.87
log-0122  318  10.54     10.24  7.94   0.33     32.22
log-0125  187   8.03      7.59  6.02   0.25     32.72
log-0126   51   7.12      7.33  5.85   0.20     36.28
log-0127  102   7.46      7.78  5.22   0.21     34.91
log-0129  409   8.83     10.01  5.28   0.28     31.50
log-0132  266  10.94     11.24  8.14   0.33     33.08
log-0133   93   6.47      7.24  4.60   0.22     29.58

Median    154.50   7.22      7.66  5.19   0.23     32.47
Mean      173.07   7.63      8.06  5.48   0.24     31.60
Std Dev   99.48   1.50      1.41  1.21   0.05      3.86

Error stats on active_mask (centered): travel/solved vs travel
log         t  rmse  bin_rmse   mae  nrmse  rms_trav
--------  ---  ----  --------  ----  -----  --------
log-0113  232  4.21      4.45  3.36   0.16     26.40
log-0115  171  5.26      6.43  3.88   0.22     23.58
log-0116  175  5.08      5.09  3.85   0.17     30.57
log-0117  122  3.40      3.48  2.54   0.13     25.85
log-0118  110  5.54      5.80  4.36   0.15     36.32
log-0119  138  5.38      5.72  4.36   0.15     35.49
log-0120   49  4.63      4.54  3.58   0.14     33.87
log-0122  318  7.37      7.34  5.78   0.23     32.22
log-0125  187  6.05      6.00  4.84   0.19     32.72
log-0126   51  6.96      7.04  5.47   0.19     36.28
log-0127  102  5.48      6.03  4.37   0.16     34.91
log-0129  409  4.64      4.58  3.70   0.15     31.50
log-0132  266  6.21      5.64  4.76   0.19     33.08
log-0133   93  4.68      5.02  3.64   0.16     29.58

Median    154.50  5.32      5.68  4.12   0.16     32.47
Mean      173.07  5.35      5.51  4.18   0.17     31.60
Std Dev   99.48  1.02      1.02  0.83   0.03      3.86

Error stats on active_mask (centered): travel/solved/mag_nuisance/delta_lifted vs travel
log         t  rmse  bin_rmse   mae  nrmse  rms_trav
--------  ---  ----  --------  ----  -----  --------
log-0113  232  5.42      6.12  3.80   0.21     26.40
log-0115  171  5.92      7.08  4.41   0.25     23.58
log-0116  175  5.68      5.85  4.10   0.19     30.57
log-0117  122  5.22      6.09  3.29   0.20     25.85
log-0118  110  5.75      6.10  4.49   0.16     36.32
log-0119  138  5.52      5.81  4.35   0.16     35.49
log-0120   49  5.54      5.63  4.23   0.16     33.87
log-0122  318  8.26      8.16  6.40   0.26     32.22
log-0125  187  6.51      6.37  5.08   0.20     32.72
log-0126   51  6.20      6.63  5.16   0.17     36.28
log-0127  102  5.86      6.30  4.52   0.17     34.91
log-0129  409  5.85      6.12  4.28   0.19     31.50
log-0132  266  8.96      9.31  6.87   0.27     33.08
log-0133   93  4.76      5.15  3.67   0.16     29.58

Median    154.50  5.80      6.12  4.38   0.19     32.47
Mean      173.07  6.10      6.48  4.62   0.20     31.60
Std Dev   99.48  1.11      1.04  0.95   0.04      3.86

Error stats on active_mask (centered): travel/mag_nuisance/corrected vs travel
log         t  rmse  bin_rmse   mae  nrmse  rms_trav
--------  ---  ----  --------  ----  -----  --------
log-0113  232  5.72      6.55  3.99   0.22     26.40
log-0115  171  6.44      7.59  4.80   0.27     23.58
log-0116  175  5.90      6.12  4.23   0.19     30.57
log-0117  122  5.56      6.54  3.48   0.22     25.85
log-0118  110  5.93      6.21  4.57   0.16     36.32
log-0119  138  5.64      5.84  4.41   0.16     35.49
log-0120   49  5.98      6.07  4.60   0.18     33.87
log-0122  318  8.94      8.79  7.00   0.28     32.22
log-0125  187  6.65      6.42  5.19   0.20     32.72
log-0126   51  6.38      6.72  5.25   0.18     36.28
log-0127  102  5.91      6.33  4.60   0.17     34.91
log-0129  409  6.04      6.33  4.38   0.19     31.50
log-0132  266  9.49      9.93  7.29   0.29     33.08
log-0133   93  5.07      5.49  3.87   0.17     29.58

Median    154.50  5.96      6.38  4.59   0.19     32.47
Mean      173.07  6.40      6.78  4.83   0.21     31.60
Std Dev   99.48  1.21      1.17  1.05   0.04      3.86
