Experiment: main_front_default
ID: 20260917T154645Z-main-front-default
Created: 2026-09-17T08:46:45-07:00
Group: front-default
Tags: none
Pipeline code: 975845063d74
Experiment fingerprint: ddba3671e688fbb17bbd9b990f94038cadb921aaf61c75a890b663ae455a3277
Notes: (none)

======================== UNCENTERED ERRORS ========================

Cache duration summary
log                    samples  dt_ms  total_s  active_s  active_%
---------------------  -------  -----  -------  --------  --------
log-0046                 61344  10.00   613.44    375.87     61.27
log-0048                108107  10.00  1081.07    335.36     31.02
log-0049                 44189  10.00   441.89    176.84     40.02
log-0054                111816  10.00  1118.16    671.94     60.09
log-0055                 43808  10.00   438.08    226.51     51.71
log-0056                 61448  10.00   614.48    273.25     44.47
log-0058                 44381  10.00   443.81    387.07     87.22
log-0063                 40781  10.00   407.81    103.45     25.37
log-0071_183             65908  10.00   659.08    416.91     63.26
log-0072_184             58385  10.00   583.85    327.72     56.13
log-0073_185             39115  10.00   391.15    287.27     73.44
log-0078-valid           22949  10.00   229.49    132.60     57.78
log-0079                 46824  10.00   468.24    241.21     51.51
log-0080-valid           64718  10.00   647.18    326.94     50.52
log-0081                113665  10.00  1136.65    735.77     64.73
log-0098                 36717  10.00   367.17    224.20     61.06
log-0099                 65579  10.00   655.79    634.18     96.70
log-0113                 29498  10.00   294.98    232.32     78.76
log-0115                 18835  10.00   188.35    171.25     90.92
log-0116                 27283  10.00   272.83    175.56     64.35
log-0117                 14148  10.00   141.48    122.94     86.90
log-0118                 16328  10.00   163.28    110.35     67.58
log-0119                 19584  10.00   195.84    138.57     70.76
log-0120                  6011  10.00    60.11     49.73     82.73
log-0122                 43803  10.00   438.03    317.67     72.52
log-0125                 24913  10.00   249.13    187.66     75.33
log-0126                 14241  10.00   142.41     51.65     36.27
log-0127                 26922  10.00   269.22    102.97     38.25
log-0129                 77819  10.00   778.19    409.22     52.59
log-0132                 34660  10.00   346.60    265.44     76.58
log-0133                 10539  10.00   105.39     93.85     89.05
log-0145-filtered-c01    39029  10.00   390.29    348.37     89.26
log-0147-filtered-c01    20838  10.00   208.38     82.04     39.37
log-0147-filtered-c02    38239  10.00   382.39    319.86     83.65
log-0151-filtered-c01     9991  10.00    99.91     86.53     86.61
log-0152-filtered-c01    16176  10.00   161.76    150.16     92.83
log-0152-filtered-c02    10216  10.00   102.16     92.57     90.61
log-0155-filtered-c01    14580  10.00   145.80    133.28     91.41
log103                   72985  10.00   729.85    396.93     54.39
log104                   59770  10.00   597.70    398.14     66.61
log106                   19535  10.00   195.35    154.25     78.96
log107                   25307  10.00   253.07    167.39     66.14
log109                   21587  10.00   215.87    181.66     84.15
log110                   21450  10.00   214.50    171.49     79.95
log112                   63277  10.00   632.77    329.94     52.14

Error stats on active_mask (raw): travel/mag_model vs travel
log                      t   rmse  bin_rmse    mae      me  rms_trav
---------------------  ---  -----  --------  -----  ------  --------
log-0046               375  16.84     18.69  16.45  -16.45     20.24
log-0048               335   4.48      5.86   3.46   -2.35     22.24
log-0049               176  21.05     21.78  20.79  -20.79     21.94
log-0054               671   6.61      7.50   5.46   -5.37     17.53
log-0055               226   4.34      4.47   2.89   -0.54     23.17
log-0056               273   7.06      7.00   6.27    5.96     22.16
log-0058               387   4.30      4.72   2.88    1.48     23.06
log-0063               103  18.39     19.08  17.99  -17.99     26.03
log-0071_183           416   6.00      6.20   5.48    5.22     21.40
log-0072_184           327   6.13      7.02   4.75   -4.50     20.85
log-0073_185           287  20.96     21.98  20.55  -20.55     19.29
log-0078-valid         132   9.83      9.50   8.22    4.54     28.39
log-0079               241  36.85     37.58  36.24  -36.24     25.62
log-0080-valid         326  41.07     40.33  40.25   39.62     28.92
log-0081               735  17.89     16.04  12.40  -12.08     20.92
log-0098               224  10.08      9.37   7.24    1.32     26.51
log-0099               634  26.53     25.98  23.21  -23.20     19.90
log-0113               232  10.92     13.20   8.90   -8.30     26.38
log-0115               171  25.17     28.74  24.13  -24.13     23.59
log-0116               175   8.74      9.21   5.67   -4.58     30.73
log-0117               122   6.54      8.02   4.46   -3.97     25.84
log-0118               110  15.02     15.95  13.64  -13.50     36.36
log-0119               138   6.76      6.81   5.11    0.77     35.50
log-0120                49  20.05     20.59  18.70  -18.67     33.89
log-0122               317  23.32     24.45  20.80  -20.80     32.11
log-0125               187  29.97     31.11  28.87  -28.87     32.71
log-0126                51  26.95     28.56  25.97  -25.97     36.27
log-0127               102  10.06      9.54   8.13    6.41     35.12
log-0129               409  27.87     27.39  27.18   26.42     31.63
log-0132               265  19.53     20.41  16.16  -16.14     33.12
log-0133                93  13.16     14.54  11.49  -11.37     29.55
log-0145-filtered-c01  348   9.87      8.03   5.76   -4.33     17.98
log-0147-filtered-c01   82  35.31     35.54  34.85  -34.82     16.36
log-0147-filtered-c02  319  29.11     35.31  27.65   25.95     17.46
log-0151-filtered-c01   86  11.34     10.26   6.85   -6.00     19.71
log-0152-filtered-c01  150  21.97     24.60  21.49  -21.45     18.31
log-0152-filtered-c02   92  33.18     32.32  32.68  -32.65     14.17
log-0155-filtered-c01  133  36.45     38.04  36.10  -36.10     26.67
log103                 396  33.11     32.71  32.44  -32.37     22.62
log104                 398  32.07     32.65  31.43  -31.24     21.56
log106                 154  17.65     18.19  17.20  -17.18     22.73
log107                 167  19.64     19.36  19.27  -19.26     21.70
log109                 181  24.13     23.62  23.72  -23.72     22.03
log110                 171  23.53     23.78  22.91  -22.91     21.28
log112                 329  18.38     18.99  17.67  -17.41     22.95

Median                 224.00  18.39     19.08  17.67  -16.14     22.95
Mean                   251.00  18.85     19.44  17.42  -11.51     24.81
Std Dev                156.41  10.20     10.44  10.65   16.55      5.78

Error stats on active_mask (raw): travel/mag_model/adj vs travel
log                      t   rmse  bin_rmse    mae      me  rms_trav
---------------------  ---  -----  --------  -----  ------  --------
log-0046               375  16.84     18.69  16.45  -16.45     20.24
log-0048               335   4.48      5.86   3.46   -2.35     22.24
log-0049               176  21.05     21.78  20.79  -20.79     21.94
log-0054               671   6.61      7.50   5.46   -5.37     17.53
log-0055               226   4.34      4.47   2.89   -0.54     23.17
log-0056               273   7.06      7.00   6.27    5.96     22.16
log-0058               387   4.30      4.72   2.88    1.48     23.06
log-0063               103  18.39     19.08  17.99  -17.99     26.03
log-0071_183           416   6.00      6.20   5.48    5.22     21.40
log-0072_184           327   6.13      7.02   4.75   -4.50     20.85
log-0073_185           287  20.96     21.98  20.55  -20.55     19.29
log-0078-valid         132   9.83      9.50   8.22    4.54     28.39
log-0079               241  36.85     37.58  36.24  -36.24     25.62
log-0080-valid         326  41.07     40.33  40.25   39.62     28.92
log-0081               735  17.89     16.04  12.40  -12.08     20.92
log-0098               224  10.08      9.37   7.24    1.32     26.51
log-0099               634  26.53     25.98  23.21  -23.20     19.90
log-0113               232  10.92     13.20   8.90   -8.30     26.38
log-0115               171  25.17     28.74  24.13  -24.13     23.59
log-0116               175   8.74      9.21   5.67   -4.58     30.73
log-0117               122   6.54      8.02   4.46   -3.97     25.84
log-0118               110  15.02     15.95  13.64  -13.50     36.36
log-0119               138   6.76      6.81   5.11    0.77     35.50
log-0120                49  20.05     20.59  18.70  -18.67     33.89
log-0122               317  23.32     24.45  20.80  -20.80     32.11
log-0125               187  29.97     31.11  28.87  -28.87     32.71
log-0126                51  26.95     28.56  25.97  -25.97     36.27
log-0127               102  10.06      9.54   8.13    6.41     35.12
log-0129               409  27.87     27.39  27.18   26.42     31.63
log-0132               265  19.53     20.41  16.16  -16.14     33.12
log-0133                93  13.16     14.54  11.49  -11.37     29.55
log-0145-filtered-c01  348   9.87      8.03   5.76   -4.33     17.98
log-0147-filtered-c01   82  35.31     35.54  34.85  -34.82     16.36
log-0147-filtered-c02  319  29.11     35.31  27.65   25.95     17.46
log-0151-filtered-c01   86  11.34     10.26   6.85   -6.00     19.71
log-0152-filtered-c01  150  21.97     24.60  21.49  -21.45     18.31
log-0152-filtered-c02   92  33.18     32.32  32.68  -32.65     14.17
log-0155-filtered-c01  133  36.45     38.04  36.10  -36.10     26.67
log103                 396  33.11     32.71  32.44  -32.37     22.62
log104                 398  32.07     32.65  31.43  -31.24     21.56
log106                 154  17.65     18.19  17.20  -17.18     22.73
log107                 167  19.64     19.36  19.27  -19.26     21.70
log109                 181  24.13     23.62  23.72  -23.72     22.03
log110                 171  23.53     23.78  22.91  -22.91     21.28
log112                 329  18.38     18.99  17.67  -17.41     22.95

Median                 224.00  18.39     19.08  17.67  -16.14     22.95
Mean                   251.00  18.85     19.44  17.42  -11.51     24.81
Std Dev                156.41  10.20     10.44  10.65   16.55      5.78

Error stats on active_mask (raw): travel/solved vs travel
log                      t   rmse  bin_rmse    mae      me  rms_trav
---------------------  ---  -----  --------  -----  ------  --------
log-0046               375   4.35      5.24   3.64   -3.28     20.24
log-0048               335   3.23      3.82   2.30    0.96     22.24
log-0049               176   6.39      6.99   5.85   -5.71     21.94
log-0054               671   2.70      3.09   2.07   -0.92     17.53
log-0055               226   2.82      2.92   2.14   -0.44     23.17
log-0056               273   4.27      4.29   3.39    3.05     22.16
log-0058               387   3.10      3.31   2.24    0.73     23.06
log-0063               103   3.87      3.73   3.05    1.97     26.03
log-0071_183           416   6.04      5.91   5.60   -5.47     21.40
log-0072_184           327   3.77      3.78   2.97    2.54     20.85
log-0073_185           287   2.93      3.47   2.07   -1.26     19.29
log-0078-valid         132   6.44      6.28   4.81   -3.11     28.39
log-0079               241   6.60      6.20   5.37    4.01     25.62
log-0080-valid         326   9.50      9.89   8.04   -7.81     28.92
log-0081               735  10.20      9.72   8.85    3.65     20.92
log-0098               224   5.53      5.55   4.16    0.47     26.51
log-0099               634   8.92      8.06   7.66    2.78     19.90
log-0113               232  11.66     12.73  10.88  -10.78     26.38
log-0115               171   6.05      8.06   4.17   -2.34     23.59
log-0116               175  10.46     10.22   9.36    8.95     30.73
log-0117               122  11.52     12.30  10.96  -10.85     25.84
log-0118               110  15.63     15.05  14.51   14.44     36.36
log-0119               138   6.96      7.68   5.58   -3.00     35.50
log-0120                49   7.00      7.16   5.62   -4.45     33.89
log-0122               317  11.64     10.72  10.21    8.77     32.11
log-0125               187   9.52     10.39   8.14   -7.04     32.71
log-0126                51  55.29     53.77  54.73   54.73     36.27
log-0127               102  11.02     12.31   9.58   -9.03     35.12
log-0129               409   7.95      8.30   6.64   -6.20     31.63
log-0132               265  12.86     12.63  11.28  -11.05     33.12
log-0133                93  10.54     10.16   9.32    9.06     29.55
log-0145-filtered-c01  348  13.16     13.99  12.26   11.74     17.98
log-0147-filtered-c01   82  14.64     14.89  13.66  -13.26     16.36
log-0147-filtered-c02  319  27.57     33.38  26.57   26.52     17.46
log-0151-filtered-c01   86  11.63     15.36   9.99    9.40     19.71
log-0152-filtered-c01  150   7.77     10.60   6.67   -6.14     18.31
log-0152-filtered-c02   92  10.04      9.25   8.67   -8.27     14.17
log-0155-filtered-c01  133  13.42     15.02  12.46  -12.02     26.67
log103                 396   9.78     10.34   9.08   -8.41     22.62
log104                 398  20.86     22.63  20.31  -20.07     21.56
log106                 154   2.87      3.34   1.98   -0.52     22.73
log107                 167   3.21      4.24   2.14    0.77     21.70
log109                 181   7.23      7.15   6.63   -6.53     22.03
log110                 171   4.08      4.64   2.93   -2.00     21.28
log112                 329   9.76     10.56   8.95   -8.45     22.95

Median                 224.00   7.95      8.30   6.67   -2.00     22.95
Mean                   251.00   9.66     10.20   8.61   -0.31     24.81
Std Dev                156.41   8.45      8.61   8.50   11.69      5.78

Error stats on active_mask (raw): travel/solved/mag_nuisance/delta_lifted vs travel
log                      t   rmse  bin_rmse    mae      me  rms_trav
---------------------  ---  -----  --------  -----  ------  --------
log-0046               375  16.40     17.67  16.09  -16.09     20.24
log-0048               335   4.61      6.13   3.37   -2.59     22.24
log-0049               176  20.73     21.41  20.52  -20.51     21.94
log-0054               671   6.24      7.03   5.29   -5.25     17.53
log-0055               226   3.78      3.92   2.55   -0.49     23.17
log-0056               273   6.98      6.84   6.37    5.98     22.16
log-0058               387   4.26      4.51   3.02    1.24     23.06
log-0063               103  18.63     19.44  18.33  -18.33     26.03
log-0071_183           416   5.94      6.13   5.48    5.15     21.40
log-0072_184           327   5.33      5.92   4.32   -4.08     20.85
log-0073_185           287  20.39     21.09  20.11  -20.11     19.29
log-0078-valid         132   7.98      8.21   6.52    4.09     28.39
log-0079               241  36.68     37.52  36.32  -36.32     25.62
log-0080-valid         326  40.19     39.66  39.72   39.58     28.92
log-0081               735  15.45     14.25  11.64  -11.46     20.92
log-0098               224   6.11      6.04   4.56    1.25     26.51
log-0099               634  23.90     24.21  22.16  -22.15     19.90
log-0113               232   9.92     11.80   8.49   -8.23     26.38
log-0115               171  24.25     27.36  23.47  -23.46     23.59
log-0116               175   7.17      7.62   5.15   -4.05     30.73
log-0117               122   6.82      8.35   4.70   -4.15     25.84
log-0118               110  15.40     16.28  14.27  -14.13     36.36
log-0119               138   6.19      6.37   4.83    1.05     35.50
log-0120                49  18.54     18.99  17.55  -17.52     33.89
log-0122               317  21.61     22.76  19.90  -19.88     32.11
log-0125               187  28.80     30.03  28.00  -28.00     32.71
log-0126                51  26.29     27.93  25.39  -25.39     36.27
log-0127               102   9.23      8.71   7.70    6.55     35.12
log-0129               409  27.41     26.82  26.78   26.72     31.63
log-0132               265  18.00     18.81  15.53  -15.48     33.12
log-0133                93  12.15     13.18  10.97  -10.89     29.55
log-0145-filtered-c01  348   8.00      6.62   4.92   -3.38     17.98
log-0147-filtered-c01   82  35.26     35.58  34.79  -34.76     16.36
log-0147-filtered-c02  319  28.63     34.49  27.50   27.02     17.46
log-0151-filtered-c01   86  10.93      9.90   6.75   -5.76     19.71
log-0152-filtered-c01  150  21.66     24.38  21.23  -21.19     18.31
log-0152-filtered-c02   92  33.08     32.27  32.64  -32.62     14.17
log-0155-filtered-c01  133  37.18     38.58  36.76  -36.73     26.67
log103                 396  32.15     32.48  31.77  -31.75     22.62
log104                 398  30.24     32.03  29.82  -29.66     21.56
log106                 154  17.31     17.82  17.02  -17.02     22.73
log107                 167  19.47     19.34  19.19  -19.19     21.70
log109                 181  23.53     23.02  23.28  -23.28     22.03
log110                 171  22.77     23.16  22.49  -22.49     21.28
log112                 329  17.92     18.82  17.25  -17.13     22.95

Median                 224.00  18.00     18.82  17.25  -15.48     22.95
Mean                   251.00  18.08     18.74  16.99  -11.22     24.81
Std Dev                156.41  10.27     10.56  10.69   16.48      5.78

Error stats on active_mask (raw): travel/mag_nuisance/corrected vs travel
log                      t   rmse  bin_rmse    mae      me  rms_trav
---------------------  ---  -----  --------  -----  ------  --------
log-0046               375  16.63     18.57  16.27  -16.27     20.24
log-0048               335   4.60      6.01   3.35   -2.57     22.24
log-0049               176  20.84     21.63  20.60  -20.60     21.94
log-0054               671   6.37      7.29   5.34   -5.30     17.53
log-0055               226   3.92      4.07   2.53   -0.58     23.17
log-0056               273   6.98      6.83   6.38    5.84     22.16
log-0058               387   4.31      4.77   2.90    1.23     23.06
log-0063               103  18.62     19.45  18.30  -18.30     26.03
log-0071_183           416   5.94      6.13   5.48    5.07     21.40
log-0072_184           327   5.86      6.65   4.53   -4.34     20.85
log-0073_185           287  20.67     21.76  20.32  -20.32     19.29
log-0078-valid         132   7.82      8.05   6.42    4.04     28.39
log-0079               241  36.59     37.46  36.27  -36.27     25.62
log-0080-valid         326  40.09     39.57  39.60   39.59     28.92
log-0081               735  15.67     14.40  11.75  -11.61     20.92
log-0098               224   5.84      5.76   4.40    1.22     26.51
log-0099               634  24.10     24.45  22.34  -22.34     19.90
log-0113               232  10.11     12.20   8.58   -8.32     26.38
log-0115               171  24.72     28.33  23.86  -23.86     23.59
log-0116               175   7.24      7.70   5.09   -4.24     30.73
log-0117               122   7.07      8.74   4.76   -4.33     25.84
log-0118               110  15.40     16.46  14.33  -14.20     36.36
log-0119               138   5.81      5.89   4.57    0.90     35.50
log-0120                49  18.87     19.36  17.97  -17.94     33.89
log-0122               317  22.18     23.46  20.30  -20.30     32.11
log-0125               187  29.05     30.33  28.27  -28.27     32.71
log-0126                51  26.50     28.20  25.68  -25.68     36.27
log-0127               102   9.04      8.46   7.54    6.61     35.12
log-0129               409  27.32     26.69  26.70   26.64     31.63
log-0132               265  18.50     19.50  15.85  -15.84     33.12
log-0133                93  12.20     13.30  11.08  -10.99     29.55
log-0145-filtered-c01  348   9.20      7.49   5.55   -4.11     17.98
log-0147-filtered-c01   82  35.33     35.55  34.87  -34.84     16.36
log-0147-filtered-c02  319  29.15     35.34  27.72   26.10     17.46
log-0151-filtered-c01   86  11.62     10.44   7.03   -6.19     19.71
log-0152-filtered-c01  150  21.98     24.61  21.52  -21.48     18.31
log-0152-filtered-c02   92  33.23     32.36  32.74  -32.71     14.17
log-0155-filtered-c01  133  36.64     38.15  36.32  -36.32     26.67
log103                 396  32.31     32.70  31.94  -31.94     22.62
log104                 398  30.81     32.55  30.44  -30.41     21.56
log106                 154  17.62     18.37  17.25  -17.25     22.73
log107                 167  19.54     19.47  19.22  -19.21     21.70
log109                 181  23.77     23.59  23.46  -23.46     22.03
log110                 171  23.03     23.62  22.63  -22.63     21.28
log112                 329  18.24     19.10  17.52  -17.49     22.95

Median                 224.00  18.50     19.36  17.52  -15.84     22.95
Mean                   251.00  18.25     19.00  17.10  -11.41     24.81
Std Dev                156.41  10.26     10.58  10.71   16.47      5.78


======================== CENTERED ERRORS ========================

Cache duration summary
log                    samples  dt_ms  total_s  active_s  active_%
---------------------  -------  -----  -------  --------  --------
log-0046                 61344  10.00   613.44    375.87     61.27
log-0048                108107  10.00  1081.07    335.36     31.02
log-0049                 44189  10.00   441.89    176.84     40.02
log-0054                111816  10.00  1118.16    671.94     60.09
log-0055                 43808  10.00   438.08    226.51     51.71
log-0056                 61448  10.00   614.48    273.25     44.47
log-0058                 44381  10.00   443.81    387.07     87.22
log-0063                 40781  10.00   407.81    103.45     25.37
log-0071_183             65908  10.00   659.08    416.91     63.26
log-0072_184             58385  10.00   583.85    327.72     56.13
log-0073_185             39115  10.00   391.15    287.27     73.44
log-0078-valid           22949  10.00   229.49    132.60     57.78
log-0079                 46824  10.00   468.24    241.21     51.51
log-0080-valid           64718  10.00   647.18    326.94     50.52
log-0081                113665  10.00  1136.65    735.77     64.73
log-0098                 36717  10.00   367.17    224.20     61.06
log-0099                 65579  10.00   655.79    634.18     96.70
log-0113                 29498  10.00   294.98    232.32     78.76
log-0115                 18835  10.00   188.35    171.25     90.92
log-0116                 27283  10.00   272.83    175.56     64.35
log-0117                 14148  10.00   141.48    122.94     86.90
log-0118                 16328  10.00   163.28    110.35     67.58
log-0119                 19584  10.00   195.84    138.57     70.76
log-0120                  6011  10.00    60.11     49.73     82.73
log-0122                 43803  10.00   438.03    317.67     72.52
log-0125                 24913  10.00   249.13    187.66     75.33
log-0126                 14241  10.00   142.41     51.65     36.27
log-0127                 26922  10.00   269.22    102.97     38.25
log-0129                 77819  10.00   778.19    409.22     52.59
log-0132                 34660  10.00   346.60    265.44     76.58
log-0133                 10539  10.00   105.39     93.85     89.05
log-0145-filtered-c01    39029  10.00   390.29    348.37     89.26
log-0147-filtered-c01    20838  10.00   208.38     82.04     39.37
log-0147-filtered-c02    38239  10.00   382.39    319.86     83.65
log-0151-filtered-c01     9991  10.00    99.91     86.53     86.61
log-0152-filtered-c01    16176  10.00   161.76    150.16     92.83
log-0152-filtered-c02    10216  10.00   102.16     92.57     90.61
log-0155-filtered-c01    14580  10.00   145.80    133.28     91.41
log103                   72985  10.00   729.85    396.93     54.39
log104                   59770  10.00   597.70    398.14     66.61
log106                   19535  10.00   195.35    154.25     78.96
log107                   25307  10.00   253.07    167.39     66.14
log109                   21587  10.00   215.87    181.66     84.15
log110                   21450  10.00   214.50    171.49     79.95
log112                   63277  10.00   632.77    329.94     52.14

Error stats on active_mask (centered): travel/mag_model vs travel
log                      t   rmse  bin_rmse    mae  nrmse  rms_trav
---------------------  ---  -----  --------  -----  -----  --------
log-0046               375   3.58      4.93   2.31   0.18     20.24
log-0048               335   3.81      4.70   2.46   0.17     22.24
log-0049               176   3.32      3.76   2.14   0.15     21.94
log-0054               671   3.85      4.48   2.64   0.22     17.53
log-0055               226   4.30      4.41   2.87   0.19     23.17
log-0056               273   3.78      4.16   2.47   0.17     22.16
log-0058               387   4.03      4.65   2.57   0.17     23.06
log-0063               103   3.81      4.20   2.69   0.15     26.03
log-0071_183           416   2.96      3.27   1.89   0.14     21.40
log-0072_184           327   4.15      4.73   2.50   0.20     20.85
log-0073_185           287   4.12      5.00   2.74   0.21     19.29
log-0078-valid         132   8.72      8.25   6.38   0.31     28.39
log-0079               241   6.66      5.93   5.11   0.26     25.62
log-0080-valid         326  10.80     10.93   6.76   0.37     28.92
log-0081               735  13.20     11.70  10.27   0.63     20.92
log-0098               224   9.99      9.43   6.88   0.38     26.51
log-0099               634  12.86     10.75  10.53   0.65     19.90
log-0113               232   7.09      8.38   4.74   0.27     26.38
log-0115               171   7.17      8.06   5.14   0.30     23.59
log-0116               175   7.45      7.67   4.99   0.24     30.73
log-0117               122   5.20      6.03   3.32   0.20     25.84
log-0118               110   6.60      7.09   5.15   0.18     36.36
log-0119               138   6.71      6.87   5.10   0.19     35.50
log-0120                49   7.32      7.52   5.33   0.22     33.89
log-0122               317  10.55     10.28   7.94   0.33     32.11
log-0125               187   8.05      7.64   6.06   0.25     32.71
log-0126                51   7.20      7.46   5.91   0.20     36.27
log-0127               102   7.76      8.07   5.44   0.22     35.12
log-0129               409   8.87      9.98   5.32   0.28     31.63
log-0132               265  10.99     11.31   8.19   0.33     33.12
log-0133                93   6.64      7.46   4.70   0.22     29.55
log-0145-filtered-c01  348   8.87      7.86   6.49   0.49     17.98
log-0147-filtered-c01   82   5.89      5.18   4.64   0.36     16.36
log-0147-filtered-c02  319  13.19     15.71   7.43   0.76     17.46
log-0151-filtered-c01   86   9.62     11.02   5.75   0.49     19.71
log-0152-filtered-c01  150   4.76      5.65   3.39   0.26     18.31
log-0152-filtered-c02   92   5.89      5.32   4.85   0.42     14.17
log-0155-filtered-c01  133   5.02      5.06   4.06   0.19     26.67
log103                 396   6.96      7.80   4.17   0.31     22.62
log104                 398   7.27      8.83   3.95   0.34     21.56
log106                 154   4.06      4.89   2.46   0.18     22.73
log107                 167   3.82      4.97   2.36   0.18     21.70
log109                 181   4.48      6.64   2.92   0.20     22.03
log110                 171   5.40      6.28   3.38   0.25     21.28
log112                 329   5.90      6.90   3.84   0.26     22.95

Median                 224.00   6.64      6.90   4.70   0.24     22.95
Mean                   251.00   6.73      7.14   4.67   0.28     24.81
Std Dev                156.41   2.74      2.58   2.07   0.14      5.78

Error stats on active_mask (centered): travel/mag_model/adj vs travel
log                      t   rmse  bin_rmse    mae  nrmse  rms_trav
---------------------  ---  -----  --------  -----  -----  --------
log-0046               375   3.58      4.93   2.31   0.18     20.24
log-0048               335   3.81      4.70   2.46   0.17     22.24
log-0049               176   3.32      3.76   2.14   0.15     21.94
log-0054               671   3.85      4.48   2.64   0.22     17.53
log-0055               226   4.30      4.41   2.87   0.19     23.17
log-0056               273   3.78      4.16   2.47   0.17     22.16
log-0058               387   4.03      4.65   2.57   0.17     23.06
log-0063               103   3.81      4.20   2.69   0.15     26.03
log-0071_183           416   2.96      3.27   1.89   0.14     21.40
log-0072_184           327   4.15      4.73   2.50   0.20     20.85
log-0073_185           287   4.12      5.00   2.74   0.21     19.29
log-0078-valid         132   8.72      8.25   6.38   0.31     28.39
log-0079               241   6.66      5.93   5.11   0.26     25.62
log-0080-valid         326  10.80     10.93   6.76   0.37     28.92
log-0081               735  13.20     11.70  10.27   0.63     20.92
log-0098               224   9.99      9.43   6.88   0.38     26.51
log-0099               634  12.86     10.75  10.53   0.65     19.90
log-0113               232   7.09      8.38   4.74   0.27     26.38
log-0115               171   7.17      8.06   5.14   0.30     23.59
log-0116               175   7.45      7.67   4.99   0.24     30.73
log-0117               122   5.20      6.03   3.32   0.20     25.84
log-0118               110   6.60      7.09   5.15   0.18     36.36
log-0119               138   6.71      6.87   5.10   0.19     35.50
log-0120                49   7.32      7.52   5.33   0.22     33.89
log-0122               317  10.55     10.28   7.94   0.33     32.11
log-0125               187   8.05      7.64   6.06   0.25     32.71
log-0126                51   7.20      7.46   5.91   0.20     36.27
log-0127               102   7.76      8.07   5.44   0.22     35.12
log-0129               409   8.87      9.98   5.32   0.28     31.63
log-0132               265  10.99     11.31   8.19   0.33     33.12
log-0133                93   6.64      7.46   4.70   0.22     29.55
log-0145-filtered-c01  348   8.87      7.86   6.49   0.49     17.98
log-0147-filtered-c01   82   5.89      5.18   4.64   0.36     16.36
log-0147-filtered-c02  319  13.19     15.71   7.43   0.76     17.46
log-0151-filtered-c01   86   9.62     11.02   5.75   0.49     19.71
log-0152-filtered-c01  150   4.76      5.65   3.39   0.26     18.31
log-0152-filtered-c02   92   5.89      5.32   4.85   0.42     14.17
log-0155-filtered-c01  133   5.02      5.06   4.06   0.19     26.67
log103                 396   6.96      7.80   4.17   0.31     22.62
log104                 398   7.27      8.83   3.95   0.34     21.56
log106                 154   4.06      4.89   2.46   0.18     22.73
log107                 167   3.82      4.97   2.36   0.18     21.70
log109                 181   4.48      6.64   2.92   0.20     22.03
log110                 171   5.40      6.28   3.38   0.25     21.28
log112                 329   5.90      6.90   3.84   0.26     22.95

Median                 224.00   6.64      6.90   4.70   0.24     22.95
Mean                   251.00   6.73      7.14   4.67   0.28     24.81
Std Dev                156.41   2.74      2.58   2.07   0.14      5.78

Error stats on active_mask (centered): travel/solved vs travel
log                      t  rmse  bin_rmse   mae  nrmse  rms_trav
---------------------  ---  ----  --------  ----  -----  --------
log-0046               375  2.85      3.58  2.07   0.14     20.24
log-0048               335  3.08      4.06  2.23   0.14     22.24
log-0049               176  2.87      3.23  1.91   0.13     21.94
log-0054               671  2.54      2.82  1.92   0.14     17.53
log-0055               226  2.78      2.86  2.10   0.12     23.17
log-0056               273  2.99      3.31  2.23   0.14     22.16
log-0058               387  3.01      3.31  2.20   0.13     23.06
log-0063               103  3.32      3.59  2.54   0.13     26.03
log-0071_183           416  2.57      2.75  1.83   0.12     21.40
log-0072_184           327  2.78      3.12  1.98   0.13     20.85
log-0073_185           287  2.65      3.11  1.76   0.14     19.29
log-0078-valid         132  5.64      5.71  4.39   0.20     28.39
log-0079               241  5.24      5.36  4.00   0.20     25.62
log-0080-valid         326  5.41      5.46  4.22   0.19     28.92
log-0081               735  9.53      8.48  7.64   0.46     20.92
log-0098               224  5.51      5.60  4.10   0.21     26.51
log-0099               634  8.48      7.79  7.03   0.43     19.90
log-0113               232  4.45      4.85  3.50   0.17     26.38
log-0115               171  5.58      6.94  4.09   0.24     23.59
log-0116               175  5.41      5.51  4.05   0.18     30.73
log-0117               122  3.87      4.31  2.79   0.15     25.84
log-0118               110  6.00      6.33  4.68   0.16     36.36
log-0119               138  6.28      6.68  4.92   0.18     35.50
log-0120                49  5.40      5.51  4.04   0.16     33.89
log-0122               317  7.66      7.73  5.97   0.24     32.11
log-0125               187  6.41      6.44  5.11   0.20     32.71
log-0126                51  7.84      8.01  6.04   0.22     36.27
log-0127               102  6.30      6.91  4.89   0.18     35.12
log-0129               409  4.98      5.00  3.93   0.16     31.63
log-0132               265  6.58      6.13  5.02   0.20     33.12
log-0133                93  5.38      5.91  4.11   0.18     29.55
log-0145-filtered-c01  348  5.96      5.47  4.49   0.33     17.98
log-0147-filtered-c01   82  6.21      5.65  4.66   0.38     16.36
log-0147-filtered-c02  319  7.53     11.35  5.27   0.43     17.46
log-0151-filtered-c01   86  6.85      8.92  4.29   0.35     19.71
log-0152-filtered-c01  150  4.75      6.24  3.50   0.26     18.31
log-0152-filtered-c02   92  5.70      5.16  4.65   0.40     14.17
log-0155-filtered-c01  133  5.95      5.99  4.34   0.22     26.67
log103                 396  4.98      5.60  3.35   0.22     22.62
log104                 398  5.65      7.48  3.46   0.26     21.56
log106                 154  2.82      3.26  1.91   0.12     22.73
log107                 167  3.11      4.06  1.99   0.14     21.70
log109                 181  3.12      4.58  2.23   0.14     22.03
log110                 171  3.55      4.17  2.34   0.17     21.28
log112                 329  4.88      5.61  3.49   0.21     22.95

Median                 224.00  5.38      5.51  4.00   0.18     22.95
Mean                   251.00  4.99      5.42  3.72   0.21     24.81
Std Dev                156.41  1.76      1.84  1.44   0.09      5.78

Error stats on active_mask (centered): travel/solved/mag_nuisance/delta_lifted vs travel
log                      t   rmse  bin_rmse   mae  nrmse  rms_trav
---------------------  ---  -----  --------  ----  -----  --------
log-0046               375   3.17      4.00  2.22   0.16     20.24
log-0048               335   3.82      4.72  2.53   0.17     22.24
log-0049               176   3.00      3.33  2.06   0.14     21.94
log-0054               671   3.38      3.91  2.26   0.19     17.53
log-0055               226   3.74      3.86  2.57   0.16     23.17
log-0056               273   3.60      4.02  2.44   0.16     22.16
log-0058               387   4.07      4.52  2.65   0.18     23.06
log-0063               103   3.32      3.51  2.52   0.13     26.03
log-0071_183           416   2.96      3.28  1.94   0.14     21.40
log-0072_184           327   3.42      3.76  2.26   0.16     20.85
log-0073_185           287   3.39      3.99  2.32   0.18     19.29
log-0078-valid         132   6.85      6.87  4.91   0.24     28.39
log-0079               241   5.15      5.19  4.01   0.20     25.62
log-0080-valid         326   7.01      7.33  4.75   0.24     28.92
log-0081               735  10.37      9.65  8.18   0.50     20.92
log-0098               224   5.98      6.08  4.30   0.23     26.51
log-0099               634   8.96      8.24  7.37   0.45     19.90
log-0113               232   5.55      6.31  3.90   0.21     26.38
log-0115               171   6.11      7.36  4.54   0.26     23.59
log-0116               175   5.91      6.13  4.29   0.19     30.73
log-0117               122   5.42      6.39  3.47   0.21     25.84
log-0118               110   6.12      6.45  4.73   0.17     36.36
log-0119               138   6.11      6.44  4.78   0.17     35.50
log-0120                49   6.06      6.33  4.54   0.18     33.89
log-0122               317   8.48      8.45  6.57   0.26     32.11
log-0125               187   6.74      6.66  5.29   0.21     32.71
log-0126                51   6.82      7.31  5.59   0.19     36.27
log-0127               102   6.50      6.95  4.97   0.19     35.12
log-0129               409   6.13      6.44  4.48   0.19     31.63
log-0132               265   9.19      9.54  7.05   0.28     33.12
log-0133                93   5.40      5.90  4.12   0.18     29.55
log-0145-filtered-c01  348   7.25      6.50  5.29   0.40     17.98
log-0147-filtered-c01   82   5.91      5.34  4.47   0.36     16.36
log-0147-filtered-c02  319   9.46     12.72  6.08   0.54     17.46
log-0151-filtered-c01   86   9.29     10.57  5.49   0.47     19.71
log-0152-filtered-c01  150   4.49      5.71  3.34   0.25     18.31
log-0152-filtered-c02   92   5.48      5.08  4.46   0.39     14.17
log-0155-filtered-c01  133   5.80      5.58  4.20   0.22     26.67
log103                 396   5.02      5.56  3.33   0.22     22.62
log104                 398   5.91      7.70  3.34   0.27     21.56
log106                 154   3.17      3.68  2.06   0.14     22.73
log107                 167   3.23      4.25  2.12   0.15     21.70
log109                 181   3.43      4.92  2.42   0.16     22.03
log110                 171   3.55      4.05  2.46   0.17     21.28
log112                 329   5.26      6.18  3.56   0.23     22.95

Median                 224.00   5.55      6.08  4.12   0.19     22.95
Mean                   251.00   5.55      6.02  4.00   0.23     24.81
Std Dev                156.41   1.94      2.00  1.54   0.10      5.78

Error stats on active_mask (centered): travel/mag_nuisance/corrected vs travel
log                      t   rmse  bin_rmse   mae  nrmse  rms_trav
---------------------  ---  -----  --------  ----  -----  --------
log-0046               375   3.46      4.77  2.30   0.17     20.24
log-0048               335   3.82      4.61  2.47   0.17     22.24
log-0049               176   3.16      3.53  2.10   0.14     21.94
log-0054               671   3.54      4.18  2.26   0.20     17.53
log-0055               226   3.88      3.99  2.56   0.17     23.17
log-0056               273   3.82      4.24  2.41   0.17     22.16
log-0058               387   4.13      4.81  2.53   0.18     23.06
log-0063               103   3.45      3.71  2.59   0.13     26.03
log-0071_183           416   3.10      3.47  1.87   0.14     21.40
log-0072_184           327   3.94      4.42  2.37   0.19     20.85
log-0073_185           287   3.78      4.64  2.50   0.20     19.29
log-0078-valid         132   6.70      6.70  4.77   0.24     28.39
log-0079               241   4.87      4.92  3.82   0.19     25.62
log-0080-valid         326   6.33      6.48  4.58   0.22     28.92
log-0081               735  10.52      9.82  8.28   0.50     20.92
log-0098               224   5.71      5.81  4.12   0.22     26.51
log-0099               634   9.06      8.24  7.46   0.46     19.90
log-0113               232   5.73      6.60  3.98   0.22     26.38
log-0115               171   6.45      7.64  4.80   0.27     23.59
log-0116               175   5.86      6.03  4.21   0.19     30.73
log-0117               122   5.59      6.60  3.48   0.22     25.84
log-0118               110   5.96      6.23  4.60   0.16     36.36
log-0119               138   5.74      5.97  4.54   0.16     35.50
log-0120                49   5.85      6.01  4.46   0.17     33.89
log-0122               317   8.94      8.82  6.99   0.28     32.11
log-0125               187   6.69      6.49  5.22   0.20     32.71
log-0126                51   6.53      6.93  5.34   0.18     36.27
log-0127               102   6.17      6.61  4.76   0.18     35.12
log-0129               409   6.09      6.36  4.42   0.19     31.63
log-0132               265   9.57     10.02  7.36   0.29     33.12
log-0133                93   5.29      5.77  4.00   0.18     29.55
log-0145-filtered-c01  348   8.23      7.34  6.18   0.46     17.98
log-0147-filtered-c01   82   5.83      5.13  4.59   0.36     16.36
log-0147-filtered-c02  319  12.98     15.53  7.24   0.74     17.46
log-0151-filtered-c01   86   9.83     11.20  6.02   0.50     19.71
log-0152-filtered-c01  150   4.70      5.60  3.35   0.26     18.31
log-0152-filtered-c02   92   5.86      5.31  4.83   0.41     14.17
log-0155-filtered-c01  133   4.86      4.88  3.95   0.18     26.67
log103                 396   4.91      5.87  3.32   0.22     22.62
log104                 398   4.92      6.60  3.10   0.23     21.56
log106                 154   3.60      4.28  2.28   0.16     22.73
log107                 167   3.58      4.71  2.23   0.17     21.70
log109                 181   3.85      6.24  2.57   0.17     22.03
log110                 171   4.27      5.02  2.76   0.20     21.28
log112                 329   5.17      6.08  3.53   0.23     22.95

Median                 224.00   5.59      5.97  3.98   0.20     22.95
Mean                   251.00   5.70      6.18  4.07   0.24     24.81
Std Dev                156.41   2.14      2.19  1.63   0.12      5.78
