Experiment: mag_corr_harry_new_adj
ID: 20260911T052220Z-mag-corr-harry-new-adj
Created: 2026-09-10T22:22:20-07:00
Group: harry
Tags: none
Pipeline code: b395148c1794
Experiment fingerprint: bb987237ec6a25c0ef2c42600c11ce2abc309f1f271cce288ad18fa88e96dd87
Notes: (none)

======================== UNCENTERED ERRORS ========================

Cache duration summary
log       samples  dt_ms  total_s  active_s  active_%
--------  -------  -----  -------  --------  --------
log-0113    29498  10.00   294.98    232.32     78.76
log-0115    18835  10.00   188.35    171.25     90.92
log-0116    27283  10.00   272.83    175.56     64.35
log-0117    14148  10.00   141.48    122.94     86.90
log-0118    16328  10.00   163.28    110.35     67.58
log-0119    19584  10.00   195.84    138.57     70.76
log-0120     6011  10.00    60.11     49.73     82.73
log-0122    43803  10.00   438.03    317.67     72.52
log-0125    24913  10.00   249.13    187.66     75.33
log-0126    14241  10.00   142.41     51.65     36.27
log-0127    26922  10.00   269.22    102.97     38.25
log-0129    77819  10.00   778.19    409.22     52.59
log-0132    34660  10.00   346.60    265.44     76.58
log-0133    10539  10.00   105.39     93.85     89.05

Error stats on active_mask (raw): travel/mag_model vs travel
log         t   rmse  bin_rmse    mae      me  rms_trav
--------  ---  -----  --------  -----  ------  --------
log-0113  232  21.90     23.83  20.81  -20.81     26.38
log-0115  171  32.13     34.51  31.47  -31.47     23.59
log-0116  175  14.18     14.80  11.87  -11.84     30.73
log-0117  122   9.06     10.85   7.33   -7.26     25.84
log-0118  110  29.94     31.07  29.28  -29.28     36.36
log-0119  138  17.50     18.25  16.36  -16.34     35.50
log-0120   49  20.05     20.59  18.70  -18.67     33.89
log-0122  317  36.26     37.06  35.27  -35.27     32.11
log-0125  187  39.58     40.25  38.78  -38.78     32.71
log-0126   51  39.80     41.79  39.07  -39.07     36.27
log-0127  102  23.99     25.29  22.78  -22.76     35.12
log-0129  409  10.32     11.64   6.38   -0.75     31.63
log-0132  265  35.52     35.26  33.50  -33.50     33.12
log-0133   93  14.18     15.83  12.30  -12.21     29.55

Median    154.50  22.94     24.56  21.79  -21.79     32.41
Mean      172.93  24.60     25.79  23.14  -22.72     31.63
Std Dev   99.31  10.48     10.41  11.04   11.74      3.88

Error stats on active_mask (raw): travel/mag_model/adj vs travel
log         t   rmse  bin_rmse    mae      me  rms_trav
--------  ---  -----  --------  -----  ------  --------
log-0113  232  15.35     17.23  13.82  -13.75     26.38
log-0115  171  14.56     12.05  13.70   13.05     23.59
log-0116  175  15.88     16.52  13.84  -13.83     30.73
log-0117  122  12.64     11.45  12.08   11.41     25.84
log-0118  110  14.78     15.89  13.47  -13.39     36.36
log-0119  138   6.34      6.10   4.74    1.08     35.50
log-0120   49   7.36      7.61   5.21   -0.81     33.89
log-0122  317  10.58     10.59   7.71   -6.46     32.11
log-0125  187  16.08     16.40  14.04  -13.98     32.71
log-0126   51  19.78     21.74  18.29  -18.27     36.27
log-0127  102   9.92      8.96   8.48    6.43     35.12
log-0129  409  18.66     20.61  15.57  -15.56     31.63
log-0132  265  16.58     16.05  11.87  -11.62     33.12
log-0133   93  12.72     14.37  10.64  -10.49     29.55

Median    154.50  14.67     15.13  12.77  -11.06     32.41
Mean      172.93  13.66     13.97  11.68   -6.16     31.63
Std Dev   99.31   3.83      4.51   3.76   10.11      3.88

Error stats on active_mask (raw): travel/solved vs travel
log         t   rmse  bin_rmse    mae      me  rms_trav
--------  ---  -----  --------  -----  ------  --------
log-0113  232  11.87     13.16  11.10  -11.00     26.38
log-0115  171  15.62     14.17  14.82   14.59     23.59
log-0116  175  12.06     12.18  11.15  -11.00     30.73
log-0117  122  13.16     12.36  12.59   12.45     25.84
log-0118  110  13.93     14.78  12.51  -11.78     36.36
log-0119  138   6.54      6.38   4.90    2.84     35.50
log-0120   49   5.84      5.90   4.45    1.55     33.89
log-0122  317   7.63      8.07   5.94   -3.86     32.11
log-0125  187  12.95     13.83  11.51  -11.20     32.71
log-0126   51  18.50     20.68  16.71  -16.25     36.27
log-0127  102  10.94     10.05   9.35    8.82     35.12
log-0129  409  12.87     13.34  11.95  -11.86     31.63
log-0132  265  10.27      9.76   7.81   -7.15     33.12
log-0133   93   9.86     10.62   8.71   -8.48     29.55

Median    154.50  11.96     12.27  11.12   -7.81     32.41
Mean      172.93  11.58     11.81  10.25   -3.74     31.63
Std Dev   99.31   3.33      3.67   3.48    9.67      3.88

Error stats on active_mask (raw): travel/solved/mag_nuisance/delta_lifted vs travel
log         t   rmse  bin_rmse    mae      me  rms_trav
--------  ---  -----  --------  -----  ------  --------
log-0113  232  12.26     13.45  11.52  -11.46     26.38
log-0115  171  15.03     13.15  14.20   13.89     23.59
log-0116  175  12.30     12.44  11.38  -11.31     30.73
log-0117  122  12.90     11.90  12.33   12.15     25.84
log-0118  110  14.22     15.06  12.88  -12.32     36.36
log-0119  138   5.89      5.73   4.49    1.91     35.50
log-0120   49   5.57      5.63   4.24    0.80     33.89
log-0122  317   8.20      8.56   6.41   -4.84     32.11
log-0125  187  13.67     14.42  12.20  -12.07     32.71
log-0126   51  18.82     20.96  17.18  -17.05     36.27
log-0127  102   9.90      8.99   8.45    7.52     35.12
log-0129  409  13.09     13.51  12.13  -12.10     31.63
log-0132  265  10.98     10.34   8.33   -7.81     33.12
log-0133   93  10.25     11.08   9.07   -8.92     29.55

Median    154.50  12.28     12.17  11.45   -8.37     32.41
Mean      172.93  11.65     11.80  10.34   -4.40     31.63
Std Dev   99.31   3.44      3.83   3.56    9.59      3.88

Error stats on active_mask (raw): travel/mag_nuisance/corrected vs travel
log         t   rmse  bin_rmse    mae      me  rms_trav
--------  ---  -----  --------  -----  ------  --------
log-0113  232  12.61     14.29  11.85  -11.82     26.38
log-0115  171  14.59     12.17  13.76   13.42     23.59
log-0116  175  12.70     13.06  11.79  -11.78     30.73
log-0117  122  12.81     11.63  12.28   12.06     25.84
log-0118  110  14.23     15.25  13.01  -12.53     36.36
log-0119  138   5.37      5.09   4.17    1.67     35.50
log-0120   49   5.55      5.65   4.24    0.34     33.89
log-0122  317   8.69      9.01   6.75   -5.53     32.11
log-0125  187  13.94     14.76  12.54  -12.49     32.71
log-0126   51  18.95     21.15  17.52  -17.50     36.27
log-0127  102   9.64      8.64   8.26    7.18     35.12
log-0129  409  13.98     14.86  12.89  -12.88     31.63
log-0132  265  11.83     11.55   9.02   -8.77     33.12
log-0133   93  10.45     11.55   9.30   -9.17     29.55

Median    154.50  12.65     11.90  11.82   -8.97     32.41
Mean      172.93  11.81     12.05  10.53   -4.84     31.63
Std Dev   99.31   3.52      4.01   3.63    9.66      3.88


======================== CENTERED ERRORS ========================

Cache duration summary
log       samples  dt_ms  total_s  active_s  active_%
--------  -------  -----  -------  --------  --------
log-0113    29498  10.00   294.98    232.32     78.76
log-0115    18835  10.00   188.35    171.25     90.92
log-0116    27283  10.00   272.83    175.56     64.35
log-0117    14148  10.00   141.48    122.94     86.90
log-0118    16328  10.00   163.28    110.35     67.58
log-0119    19584  10.00   195.84    138.57     70.76
log-0120     6011  10.00    60.11     49.73     82.73
log-0122    43803  10.00   438.03    317.67     72.52
log-0125    24913  10.00   249.13    187.66     75.33
log-0126    14241  10.00   142.41     51.65     36.27
log-0127    26922  10.00   269.22    102.97     38.25
log-0129    77819  10.00   778.19    409.22     52.59
log-0132    34660  10.00   346.60    265.44     76.58
log-0133    10539  10.00   105.39     93.85     89.05

Error stats on active_mask (centered): travel/mag_model vs travel
log         t   rmse  bin_rmse   mae     me  rms_trav
--------  ---  -----  --------  ----  -----  --------
log-0113  232   6.82      7.41  4.84  -0.00     26.38
log-0115  171   6.46      6.39  4.73   0.00     23.59
log-0116  175   7.80      7.94  5.42   0.00     30.73
log-0117  122   5.43      6.34  3.49   0.00     25.84
log-0118  110   6.26      6.58  5.13   0.00     36.36
log-0119  138   6.25      6.16  4.65   0.00     35.50
log-0120   49   7.32      7.52  5.33   0.00     33.89
log-0122  317   8.39      7.57  6.49  -0.00     32.11
log-0125  187   7.93      7.03  6.05  -0.00     32.71
log-0126   51   7.57      8.22  6.14   0.00     36.27
log-0127  102   7.56      7.55  5.74   0.00     35.12
log-0129  409  10.29     11.51  6.58  -0.00     31.63
log-0132  265  11.82     11.09  9.62  -0.00     33.12
log-0133   93   7.21      8.11  4.92  -0.00     29.55

Median    154.50   7.44      7.53  5.38   0.00     32.41
Mean      172.93   7.65      7.81  5.65   0.00     31.63
Std Dev   99.31   1.61      1.56  1.36   0.00      3.88

Error stats on active_mask (centered): travel/mag_model/adj vs travel
log         t   rmse  bin_rmse   mae     me  rms_trav
--------  ---  -----  --------  ----  -----  --------
log-0113  232   6.82      7.41  4.84  -0.00     26.38
log-0115  171   6.46      6.39  4.73   0.00     23.59
log-0116  175   7.80      7.94  5.42   0.00     30.73
log-0117  122   5.43      6.34  3.49  -0.00     25.84
log-0118  110   6.26      6.58  5.13   0.00     36.36
log-0119  138   6.25      6.16  4.65   0.00     35.50
log-0120   49   7.32      7.52  5.33   0.00     33.89
log-0122  317   8.39      7.57  6.49   0.00     32.11
log-0125  187   7.93      7.03  6.05  -0.00     32.71
log-0126   51   7.57      8.22  6.14   0.00     36.27
log-0127  102   7.56      7.55  5.74  -0.00     35.12
log-0129  409  10.29     11.51  6.58  -0.00     31.63
log-0132  265  11.82     11.09  9.62  -0.00     33.12
log-0133   93   7.21      8.11  4.92  -0.00     29.55

Median    154.50   7.44      7.53  5.38   0.00     32.41
Mean      172.93   7.65      7.81  5.65  -0.00     31.63
Std Dev   99.31   1.61      1.56  1.36   0.00      3.88

Error stats on active_mask (centered): travel/solved vs travel
log         t  rmse  bin_rmse   mae     me  rms_trav
--------  ---  ----  --------  ----  -----  --------
log-0113  232  4.46      5.10  3.49  -0.00     26.38
log-0115  171  5.57      6.39  4.04  -0.00     23.59
log-0116  175  4.95      4.98  3.76   0.00     30.73
log-0117  122  4.27      5.02  3.00  -0.00     25.84
log-0118  110  7.42      8.22  5.73   0.00     36.36
log-0119  138  5.90      6.08  4.54  -0.00     35.50
log-0120   49  5.63      5.75  4.23   0.00     33.89
log-0122  317  6.58      6.49  5.21   0.00     32.11
log-0125  187  6.50      6.48  5.21  -0.00     32.71
log-0126   51  8.85      9.85  6.88   0.00     36.27
log-0127  102  6.48      6.96  5.00   0.00     35.12
log-0129  409  5.00      5.22  3.91  -0.00     31.63
log-0132  265  7.38      6.75  5.69  -0.00     33.12
log-0133   93  5.03      5.47  3.89   0.00     29.55

Median    154.50  5.76      6.23  4.39   0.00     32.41
Mean      172.93  6.00      6.34  4.61   0.00     31.63
Std Dev   99.31  1.24      1.31  1.02   0.00      3.88

Error stats on active_mask (centered): travel/solved/mag_nuisance/delta_lifted vs travel
log         t  rmse  bin_rmse   mae     me  rms_trav
--------  ---  ----  --------  ----  -----  --------
log-0113  232  4.36      4.70  3.45  -0.00     26.38
log-0115  171  5.73      6.12  4.24   0.00     23.59
log-0116  175  4.84      4.80  3.71   0.00     30.73
log-0117  122  4.33      4.91  3.07  -0.00     25.84
log-0118  110  7.10      7.70  5.48  -0.00     36.36
log-0119  138  5.57      5.67  4.31  -0.00     35.50
log-0120   49  5.51      5.61  4.15   0.00     33.89
log-0122  317  6.62      6.32  5.28  -0.00     32.11
log-0125  187  6.41      6.14  5.12  -0.00     32.71
log-0126   51  7.98      8.92  6.38   0.00     36.27
log-0127  102  6.43      6.69  5.03   0.00     35.12
log-0129  409  5.01      5.11  3.94  -0.00     31.63
log-0132  265  7.71      6.93  6.00  -0.00     33.12
log-0133   93  5.05      5.39  3.90   0.00     29.55

Median    154.50  5.65      5.89  4.28  -0.00     32.41
Mean      172.93  5.91      6.07  4.58   0.00     31.63
Std Dev   99.31  1.13      1.15  0.95   0.00      3.88

Error stats on active_mask (centered): travel/mag_nuisance/corrected vs travel
log         t  rmse  bin_rmse   mae     me  rms_trav
--------  ---  ----  --------  ----  -----  --------
log-0113  232  4.39      4.78  3.37  -0.00     26.38
log-0115  171  5.72      5.98  4.32  -0.00     23.59
log-0116  175  4.72      4.68  3.57   0.00     30.73
log-0117  122  4.31      4.97  3.00   0.00     25.84
log-0118  110  6.76      7.29  5.22   0.00     36.36
log-0119  138  5.10      5.11  4.02   0.00     35.50
log-0120   49  5.54      5.67  4.20   0.00     33.89
log-0122  317  6.71      6.17  5.44  -0.00     32.11
log-0125  187  6.17      5.81  4.88  -0.00     32.71
log-0126   51  7.28      8.22  5.85   0.00     36.27
log-0127  102  6.44      6.66  5.09   0.00     35.12
log-0129  409  5.43      5.77  3.95  -0.00     31.63
log-0132  265  7.93      7.40  6.37  -0.00     33.12
log-0133   93  5.01      5.42  3.80   0.00     29.55

Median    154.50  5.63      5.79  4.26   0.00     32.41
Mean      172.93  5.82      6.00  4.51   0.00     31.63
Std Dev   99.31  1.06      1.02  0.95   0.00      3.88
