Experiment: table2-front-baselines
ID: 20260927T170211Z-table2-front-baselines
Created: 2026-09-27T18:02:11+01:00
Group: front-default
Tags: none
Pipeline code: 5f2186c89a2c
Experiment fingerprint: 5f1461e9d83b0c2bb9cf6d0d842c12a6ac400d653ddeb71f001500e43bd7915e
Notes: Table 2 development-cohort comparison; fixed IMU filter selected in development-v3; supervised in-sample per-log power oracle; common scoring support.

======================== UNCENTERED ERRORS ========================

Cache duration summary
log                    samples  dt_ms  total_s  active_s  active_%
---------------------  -------  -----  -------  --------  --------
log-0046                 61344  10.00   613.44    416.16     67.84
log-0048                108107  10.00  1081.07    431.54     39.92
log-0049                 44189  10.00   441.89    244.46     55.32
log-0054                111816  10.00  1118.16    753.30     67.37
log-0055                 43808  10.00   438.08    263.36     60.12
log-0056                 61448  10.00   614.48    301.64     49.09
log-0058                 44381  10.00   443.81    402.52     90.70
log-0063                 40781  10.00   407.81    153.27     37.58
log-0071_183             65908  10.00   659.08    424.88     64.47
log-0072_184             58385  10.00   583.85    344.61     59.02
log-0073_185             39115  10.00   391.15    326.61     83.50
log-0078-valid           22949  10.00   229.49    149.70     65.23
log-0079                 46824  10.00   468.24    266.64     56.95
log-0080-valid           64718  10.00   647.18    368.29     56.91
log-0081                113665  10.00  1136.65    827.70     72.82
log-0098                 36717  10.00   367.17    237.06     64.56
log-0099                 65579  10.00   655.79    646.10     98.52
log-0113                 29498  10.00   294.98    262.71     89.06
log-0115                 18835  10.00   188.35    181.69     96.46
log-0116                 27283  10.00   272.83    198.05     72.59
log-0117                 14148  10.00   141.48    128.40     90.75
log-0118                 16328  10.00   163.28    114.79     70.30
log-0119                 19584  10.00   195.84    150.36     76.78
log-0120                  6011  10.00    60.11     52.91     88.02
log-0122                 43803  10.00   438.03    344.65     78.68
log-0125                 24913  10.00   249.13    205.54     82.50
log-0126                 14241  10.00   142.41     59.80     41.99
log-0127                 26922  10.00   269.22    112.86     41.92
log-0129                 77819  10.00   778.19    446.17     57.33
log-0132                 34660  10.00   346.60    296.59     85.57
log-0133                 10539  10.00   105.39     94.70     89.86
log-0145-filtered-c01    39029  10.00   390.29    371.32     95.14
log-0147-filtered-c01    20838  10.00   208.38     92.18     44.24
log-0147-filtered-c02    38239  10.00   382.39    347.00     90.75
log-0151-filtered-c01     9991  10.00    99.91     91.69     91.77
log-0152-filtered-c01    16176  10.00   161.76    161.76    100.00
log-0152-filtered-c02    10216  10.00   102.16     94.33     92.34
log-0155-filtered-c01    14580  10.00   145.80    136.37     93.53

Error stats on active_mask (raw): travel/mag_model vs travel
log                      t   rmse  bin_rmse    mae      me  rms_trav
---------------------  ---  -----  --------  -----  ------  --------
log-0046               415  16.75     18.44  16.39  -16.39     20.31
log-0048               431   5.11      5.77   3.78   -1.87     23.66
log-0049               243  21.17     21.33  20.88  -20.88     22.87
log-0054               753   6.95      8.17   5.64   -5.56     18.04
log-0055               259   5.40      4.82   3.60   -0.28     24.42
log-0056               291   7.44      7.11   6.51    6.21     22.37
log-0058               400   4.66      5.29   3.00    1.39     23.50
log-0063               151  18.32     19.02  17.72  -17.70     28.82
log-0071_183           424   6.11      6.60   5.52    5.30     21.62
log-0072_184           344   6.00      6.92   4.70   -4.42     20.94
log-0073_185           326  20.72     21.15  20.33  -20.33     19.07
log-0078-valid         145  10.38      9.65   8.28    2.23     28.51
log-0079               266  36.51     37.10  35.92  -35.92     25.52
log-0080-valid         365  41.60     39.85  40.68   39.65     31.00
log-0081               827  18.29     16.22  12.71  -12.45     20.51
log-0098               234  10.20      8.85   7.40    1.61     26.96
log-0099               645  26.61     25.61  23.30  -23.29     19.81
log-0113               260  10.91     12.82   8.89   -8.31     26.12
log-0115               179  26.01     30.00  24.75  -24.75     24.43
log-0116               195   9.16      8.67   5.94   -4.89     32.24
log-0117               126   6.59      7.68   4.49   -4.06     25.52
log-0118               114  15.14     16.66  13.77  -13.61     36.98
log-0119               149   6.70      6.59   5.12    1.07     35.83
log-0120                50  19.98     20.16  18.67  -18.63     33.43
log-0122               342  24.37     24.82  21.71  -21.70     33.14
log-0125               204  29.51     31.44  28.37  -28.37     32.42
log-0126                59  26.16     29.04  25.11  -25.10     37.18
log-0127               110  10.18      8.62   8.30    6.55     36.42
log-0129               445  27.97     26.44  27.26   26.50     32.18
log-0132               294  20.12     18.46  16.71  -16.69     33.47
log-0133                92  13.56     14.95  11.94  -11.85     29.94
log-0145-filtered-c01  369   9.57      9.24   5.64   -4.06     17.60
log-0147-filtered-c01    0   9.33      9.33   9.06   -9.06      2.32
log-0147-filtered-c02   22  26.75     26.78  26.33  -26.33     10.47
log-0151-filtered-c01    5  13.72     15.40  13.58  -13.58      9.86
log-0152-filtered-c01    7  10.69     10.65  10.37  -10.37      6.45
log-0152-filtered-c02    0  35.02     35.02  34.91  -34.91      2.29
log-0155-filtered-c01   12  39.03     35.44  38.76  -38.76     15.80

Median                 238.50  14.43     15.81  13.15  -11.11     24.42
Mean                   251.39  17.18     17.37  15.69  -10.10     24.00
Std Dev                198.44  10.29     10.16  10.63   15.71      9.05

Error stats on active_mask (raw): travel/solved vs travel
log                      t   rmse  bin_rmse    mae      me  rms_trav
---------------------  ---  -----  --------  -----  ------  --------
log-0046               415   4.21      5.53   3.53   -3.30     20.31
log-0048               431   3.74      3.75   2.59    1.38     23.66
log-0049               243   6.45      6.80   5.89   -5.79     22.87
log-0054               753   2.78      3.28   2.13   -1.03     18.04
log-0055               259   3.02      3.03   2.25   -0.12     24.42
log-0056               291   4.61      4.29   3.61    3.43     22.37
log-0058               400   2.79      2.96   2.01    0.61     23.50
log-0063               151   4.17      3.52   3.25    1.83     28.82
log-0071_183           424   5.90      5.59   5.59   -5.49     21.62
log-0072_184           344   3.55      3.40   2.81    2.55     20.94
log-0073_185           326   2.72      3.12   1.86   -1.22     19.07
log-0078-valid         145   6.41      5.99   4.65   -3.25     28.51
log-0079               266   6.21      5.67   5.18    4.07     25.52
log-0080-valid         365   8.89      9.81   7.41   -6.95     31.00
log-0081               827   9.96      9.37   8.65    3.28     20.51
log-0098               234   5.47      5.29   4.09    0.68     26.96
log-0099               645   8.83      7.55   7.62    2.70     19.81
log-0113               260  11.59     12.92  10.90  -10.84     26.12
log-0115               179   6.24      8.81   4.19   -2.53     24.43
log-0116               195  10.06      9.76   9.06    8.42     32.24
log-0117               126  11.55     12.08  11.06  -11.02     25.52
log-0118               114  15.31     13.82  14.33   14.28     36.98
log-0119               149   6.16      7.66   5.00   -3.02     35.83
log-0120                50   6.41      6.39   5.21   -4.52     33.43
log-0122               342  11.27      9.46  10.01    7.87     33.14
log-0125               204   9.13     11.00   7.80   -6.75     32.42
log-0126                59  55.72     52.65  55.27   55.26     37.18
log-0127               110  10.36     13.28   9.09   -8.79     36.42
log-0129               445   7.77      9.08   6.50   -6.15     32.18
log-0132               294  12.85     12.02  11.33  -11.24     33.47
log-0133                92  10.09      9.28   9.04    8.88     29.94
log-0145-filtered-c01  369  13.61     14.44  12.73   12.29     17.60
log-0147-filtered-c01    0   3.39      3.39   2.31    1.61      2.32
log-0147-filtered-c02   22   7.04      6.94   5.52   -5.14     10.47
log-0151-filtered-c01    5   3.43      3.17   3.27    2.90      9.86
log-0152-filtered-c01    7   2.69      2.67   2.22   -1.08      6.45
log-0152-filtered-c02    0  11.27     11.27  10.96  -10.96      2.29
log-0155-filtered-c01   12  16.10     12.97  15.51  -15.29     15.80

Median                 238.50   6.43      7.25   5.56   -1.05     24.42
Mean                   251.39   8.73      8.74   7.75    0.20     24.00
Std Dev                198.44   8.56      8.06   8.63   11.20      9.05

Error stats on active_mask (raw): travel/baseline/accel vs travel
log                      t   rmse  bin_rmse    mae      me  rms_trav
---------------------  ---  -----  --------  -----  ------  --------
log-0046               415  55.52     66.29  53.21  -53.21     20.31
log-0048               431  49.98     63.96  45.55  -45.55     23.66
log-0049               243  50.76     60.66  46.38  -46.36     22.87
log-0054               753  47.11     55.83  44.67  -44.66     18.04
log-0055               259  46.89     60.96  42.29  -42.28     24.42
log-0056               291  49.11     60.60  45.70  -45.65     22.37
log-0058               400  56.41     64.14  53.60  -53.57     23.50
log-0063               151  53.84     69.84  46.57  -46.56     28.82
log-0071_183           424  52.91     58.96  50.52  -50.48     21.62
log-0072_184           344  50.81     59.25  48.36  -48.36     20.94
log-0073_185           326  48.71     53.62  46.38  -46.35     19.07
log-0078-valid         145  58.09     74.81  53.65  -53.65     28.51
log-0079               266  56.07     69.52  53.02  -53.01     25.52
log-0080-valid         365  58.32     81.46  52.48  -52.37     31.00
log-0081               827  51.09     66.96  49.06  -49.05     20.51
log-0098               234  55.69     68.86  51.85  -51.83     26.96
log-0099               645  53.70     68.12  51.90  -51.90     19.81
log-0113               260  59.49     72.28  56.48  -56.46     26.12
log-0115               179  60.52     71.84  58.02  -58.01     24.43
log-0116               195  65.23     75.81  60.13  -60.13     32.24
log-0117               126  59.86     75.25  57.65  -57.64     25.52
log-0118               114  75.83     86.81  70.17  -70.15     36.98
log-0119               149  67.36     79.56  62.12  -61.99     35.83
log-0120                50  68.81     72.93  64.78  -64.51     33.43
log-0122               342  66.47     81.52  61.02  -60.90     33.14
log-0125               204  66.54     81.42  61.66  -61.65     32.42
log-0126                59  65.31     75.18  58.82  -58.65     37.18
log-0127               110  66.20     77.45  59.89  -59.81     36.42
log-0129               445  69.28     86.50  64.02  -63.99     32.18
log-0132               294  68.06     92.33  62.06  -62.04     33.47
log-0133                92  69.19     75.51  65.47  -65.46     29.94
log-0145-filtered-c01  369  38.26     50.06  35.48  -35.46     17.60
log-0147-filtered-c01    0   3.12      3.12   2.70   -2.70      2.32
log-0147-filtered-c02   22  25.42     22.17  23.27  -23.26     10.47
log-0151-filtered-c01    5  33.43     30.85  32.22  -32.22      9.86
log-0152-filtered-c01    7  33.82     35.61  33.53  -33.53      6.45
log-0152-filtered-c02    0  30.42     30.42  30.36  -30.36      2.29
log-0155-filtered-c01   12  33.80     39.12  31.85  -31.85     15.80

Median                 238.50  55.61     68.49  52.19  -52.14     24.42
Mean                   251.39  53.19     63.67  49.65  -49.62     24.00
Std Dev                198.44  14.54     18.98  13.32   13.30      9.05

Error stats on active_mask (raw): travel/oracle/mag_power vs travel
log                      t  rmse  bin_rmse   mae     me  rms_trav
---------------------  ---  ----  --------  ----  -----  --------
log-0046               415  2.40      3.05  1.61  -0.00     20.31
log-0048               431  3.58      4.47  2.36   0.00     23.66
log-0049               243  3.05      3.45  1.94  -0.00     22.87
log-0054               753  2.81      2.81  2.28  -0.00     18.04
log-0055               259  3.52      5.18  2.75  -0.02     24.42
log-0056               291  3.54      4.79  2.56  -0.03     22.37
log-0058               400  3.36      3.78  2.34  -0.01     23.50
log-0063               151  3.89      4.21  2.65  -0.02     28.82
log-0071_183           424  2.58      2.77  1.66  -0.00     21.62
log-0072_184           344  2.59      2.77  1.81  -0.00     20.94
log-0073_185           326  2.27      2.63  1.48  -0.00     19.07
log-0078-valid         145  6.71      5.86  5.23  -0.06     28.51
log-0079               266  6.33      6.32  4.79   0.00     25.52
log-0080-valid         365  7.58      7.31  5.81   0.00     31.00
log-0081               827  8.47     10.13  6.60  -0.00     20.51
log-0098               234  8.10      7.33  6.02  -0.12     26.96
log-0099               645  8.88     10.61  7.13  -0.00     19.81
log-0113               260  4.93      4.99  3.79  -0.05     26.12
log-0115               179  4.60      4.83  3.41   0.01     24.43
log-0116               195  5.44      5.26  4.12   0.03     32.24
log-0117               126  3.59      5.15  2.72  -0.04     25.52
log-0118               114  4.94      5.11  3.69  -0.00     36.98
log-0119               149  4.99      5.35  3.76  -0.01     35.83
log-0120                50  5.54      5.57  4.11  -0.21     33.43
log-0122               342  5.76      6.44  4.48  -0.03     33.14
log-0125               204  6.69      6.56  5.48  -0.02     32.42
log-0126                59  6.06      5.39  4.57  -0.02     37.18
log-0127               110  5.03      5.94  3.80  -0.05     36.42
log-0129               445  5.37      8.29  4.16  -0.00     32.18
log-0132               294  6.22      7.92  4.83  -0.03     33.47
log-0133                92  5.22      5.28  3.97  -0.07     29.94
log-0145-filtered-c01  369  3.52      4.05  2.75   0.03     17.60
log-0147-filtered-c01    0  5.61      5.61  5.41   5.41      2.32
log-0147-filtered-c02   22  3.01      3.26  2.44  -0.37     10.47
log-0151-filtered-c01    5  2.00      1.93  1.64   0.97      9.86
log-0152-filtered-c01    7  2.32      2.37  1.96   0.48      6.45
log-0152-filtered-c02    0  1.15      1.15  0.98   0.86      2.29
log-0155-filtered-c01   12  2.55      2.87  2.03   0.34     15.80

Median                 238.50  4.77      5.13  3.55  -0.00     24.42
Mean                   251.39  4.58      5.02  3.50   0.18     24.00
Std Dev                198.44  1.91      2.09  1.55   0.89      9.05

Error stats on active_mask (raw): travel/fusion1 vs travel
log                      t   rmse  bin_rmse    mae      me  rms_trav
---------------------  ---  -----  --------  -----  ------  --------
log-0046               415  16.20     17.50  15.96  -15.96     20.31
log-0048               431   4.97      5.66   3.70   -1.80     23.66
log-0049               243  20.88     21.10  20.62  -20.62     22.87
log-0054               753   6.58      7.56   5.44   -5.37     18.04
log-0055               259   5.16      4.53   3.44   -0.09     24.42
log-0056               291   7.36      6.96   6.49    6.32     22.37
log-0058               400   4.34      4.83   2.85    1.57     23.50
log-0063               151  18.22     18.95  17.64  -17.63     28.82
log-0071_183           424   6.09      6.43   5.54    5.41     21.62
log-0072_184           344   4.94      5.47   4.21   -3.91     20.94
log-0073_185           326  19.89     20.18  19.67  -19.67     19.07
log-0078-valid         145  10.22      9.54   8.21    2.37     28.51
log-0079               266  36.62     37.28  36.02  -36.02     25.52
log-0080-valid         365  41.57     39.87  40.66   39.73     31.00
log-0081               827  17.56     15.60  12.27  -12.01     20.51
log-0098               234   9.75      8.45   7.21    1.79     26.96
log-0099               645  25.76     25.05  22.70  -22.69     19.81
log-0113               260  10.15     11.91   8.48   -7.89     26.12
log-0115               179  24.67     28.33  23.60  -23.60     24.43
log-0116               195   8.09      7.67   5.48   -4.27     32.24
log-0117               126   5.97      6.82   4.16   -3.69     25.52
log-0118               114  14.77     16.24  13.51  -13.37     36.98
log-0119               149   6.49      6.35   5.04    1.60     35.83
log-0120                50  18.53     18.46  17.51  -17.48     33.43
log-0122               342  22.48     23.27  20.24  -20.23     33.14
log-0125               204  28.48     30.57  27.47  -27.47     32.42
log-0126                59  25.30     28.33  24.26  -24.25     37.18
log-0127               110   9.98      8.38   8.24    6.82     36.42
log-0129               445  27.93     26.34  27.25   26.72     32.18
log-0132               294  18.92     17.46  15.86  -15.82     33.47
log-0133                92  12.73     13.90  11.43  -11.34     29.94
log-0145-filtered-c01  369   7.34      6.93   4.39   -2.83     17.60
log-0147-filtered-c01    0   9.34      9.34   9.11   -9.11      2.32
log-0147-filtered-c02   22  26.81     26.89  26.38  -26.38     10.47
log-0151-filtered-c01    5  13.86     15.90  13.68  -13.68      9.86
log-0152-filtered-c01    7  10.66     10.64  10.36  -10.36      6.45
log-0152-filtered-c02    0  35.03     35.03  34.94  -34.94      2.29
log-0155-filtered-c01   12  39.65     36.72  39.45  -39.45     15.80

Median                 238.50  14.31     15.75  12.89  -10.85     24.42
Mean                   251.39  16.67     16.85  15.35   -9.73     24.00
Std Dev                198.44  10.36     10.29  10.66   15.67      9.05


======================== CENTERED ERRORS ========================

Cache duration summary
log                    samples  dt_ms  total_s  active_s  active_%
---------------------  -------  -----  -------  --------  --------
log-0046                 61344  10.00   613.44    416.16     67.84
log-0048                108107  10.00  1081.07    431.54     39.92
log-0049                 44189  10.00   441.89    244.46     55.32
log-0054                111816  10.00  1118.16    753.30     67.37
log-0055                 43808  10.00   438.08    263.36     60.12
log-0056                 61448  10.00   614.48    301.64     49.09
log-0058                 44381  10.00   443.81    402.52     90.70
log-0063                 40781  10.00   407.81    153.27     37.58
log-0071_183             65908  10.00   659.08    424.88     64.47
log-0072_184             58385  10.00   583.85    344.61     59.02
log-0073_185             39115  10.00   391.15    326.61     83.50
log-0078-valid           22949  10.00   229.49    149.70     65.23
log-0079                 46824  10.00   468.24    266.64     56.95
log-0080-valid           64718  10.00   647.18    368.29     56.91
log-0081                113665  10.00  1136.65    827.70     72.82
log-0098                 36717  10.00   367.17    237.06     64.56
log-0099                 65579  10.00   655.79    646.10     98.52
log-0113                 29498  10.00   294.98    262.71     89.06
log-0115                 18835  10.00   188.35    181.69     96.46
log-0116                 27283  10.00   272.83    198.05     72.59
log-0117                 14148  10.00   141.48    128.40     90.75
log-0118                 16328  10.00   163.28    114.79     70.30
log-0119                 19584  10.00   195.84    150.36     76.78
log-0120                  6011  10.00    60.11     52.91     88.02
log-0122                 43803  10.00   438.03    344.65     78.68
log-0125                 24913  10.00   249.13    205.54     82.50
log-0126                 14241  10.00   142.41     59.80     41.99
log-0127                 26922  10.00   269.22    112.86     41.92
log-0129                 77819  10.00   778.19    446.17     57.33
log-0132                 34660  10.00   346.60    296.59     85.57
log-0133                 10539  10.00   105.39     94.70     89.86
log-0145-filtered-c01    39029  10.00   390.29    371.32     95.14
log-0147-filtered-c01    20838  10.00   208.38     92.18     44.24
log-0147-filtered-c02    38239  10.00   382.39    347.00     90.75
log-0151-filtered-c01     9991  10.00    99.91     91.69     91.77
log-0152-filtered-c01    16176  10.00   161.76    161.76    100.00
log-0152-filtered-c02    10216  10.00   102.16     94.33     92.34
log-0155-filtered-c01    14580  10.00   145.80    136.37     93.53

Error stats on active_mask (centered): travel/mag_model vs travel
log                      t   rmse  bin_rmse    mae  nrmse  rms_trav
---------------------  ---  -----  --------  -----  -----  --------
log-0046               415   3.41      4.36   2.20   0.17     20.31
log-0048               431   4.76      4.97   3.05   0.20     23.66
log-0049               243   3.50      3.39   2.33   0.15     22.87
log-0054               753   4.16      5.09   2.84   0.23     18.04
log-0055               259   5.39      4.84   3.60   0.22     24.42
log-0056               291   4.09      4.39   2.73   0.18     22.37
log-0058               400   4.45      5.23   2.72   0.19     23.50
log-0063               151   4.73      4.18   3.36   0.16     28.82
log-0071_183           424   3.04      3.51   1.85   0.14     21.62
log-0072_184           344   4.06      4.66   2.42   0.19     20.94
log-0073_185           326   3.98      4.43   2.60   0.21     19.07
log-0078-valid         145  10.13      9.29   7.45   0.36     28.51
log-0079               266   6.53      5.70   4.98   0.26     25.52
log-0080-valid         365  12.60      9.73   7.49   0.41     31.00
log-0081               827  13.40     11.98  10.40   0.65     20.51
log-0098               234  10.07      8.88   6.96   0.37     26.96
log-0099               645  12.88     10.20  10.58   0.65     19.81
log-0113               260   7.06      7.81   4.71   0.27     26.12
log-0115               179   8.01      8.86   5.82   0.33     24.43
log-0116               195   7.74      7.21   5.34   0.24     32.24
log-0117               126   5.19      5.76   3.35   0.20     25.52
log-0118               114   6.64      6.98   5.20   0.18     36.98
log-0119               149   6.61      6.82   5.08   0.18     35.83
log-0120                50   7.21      7.52   5.22   0.22     33.43
log-0122               342  11.08      9.56   8.68   0.33     33.14
log-0125               204   8.12      7.50   6.20   0.25     32.42
log-0126                59   7.38      8.04   6.07   0.20     37.18
log-0127               110   7.79      7.77   5.37   0.21     36.42
log-0129               445   8.94      8.53   5.39   0.28     32.18
log-0132               294  11.24      9.99   8.69   0.34     33.47
log-0133                92   6.60      7.20   4.68   0.22     29.94
log-0145-filtered-c01  369   8.67      8.79   6.25   0.49     17.60
log-0147-filtered-c01    0   2.22      2.22   1.65   0.96      2.32
log-0147-filtered-c02   22   4.73      4.33   3.97   0.45     10.47
log-0151-filtered-c01    5   1.94      3.36   1.33   0.20      9.86
log-0152-filtered-c01    7   2.58      2.47   2.15   0.40      6.45
log-0152-filtered-c02    0   2.83      2.83   2.32   1.24      2.29
log-0155-filtered-c01   12   4.58      6.11   3.53   0.29     15.80

Median                 238.50   6.57      6.46   4.69   0.24     24.42
Mean                   251.39   6.54      6.43   4.70   0.32     24.00
Std Dev                198.44   3.07      2.44   2.36   0.22      9.05

Error stats on active_mask (centered): travel/solved vs travel
log                      t  rmse  bin_rmse   mae  nrmse  rms_trav
---------------------  ---  ----  --------  ----  -----  --------
log-0046               415  2.61      3.44  1.89   0.13     20.31
log-0048               431  3.48      4.03  2.45   0.15     23.66
log-0049               243  2.85      2.79  1.93   0.12     22.87
log-0054               753  2.58      2.94  1.95   0.14     18.04
log-0055               259  3.02      3.03  2.24   0.12     24.42
log-0056               291  3.08      3.35  2.26   0.14     22.37
log-0058               400  2.73      2.97  1.99   0.12     23.50
log-0063               151  3.75      3.37  2.82   0.13     28.82
log-0071_183           424  2.15      2.38  1.53   0.10     21.62
log-0072_184           344  2.48      2.77  1.75   0.12     20.94
log-0073_185           326  2.43      2.81  1.54   0.13     19.07
log-0078-valid         145  5.52      5.38  4.40   0.19     28.51
log-0079               266  4.69      4.68  3.64   0.18     25.52
log-0080-valid         365  5.54      5.23  4.29   0.18     31.00
log-0081               827  9.40      8.19  7.58   0.46     20.51
log-0098               234  5.43      5.35  3.98   0.20     26.96
log-0099               645  8.41      7.21  7.02   0.42     19.81
log-0113               260  4.08      4.37  3.25   0.16     26.12
log-0115               179  5.70      7.30  4.20   0.23     24.43
log-0116               195  5.50      5.08  4.15   0.17     32.24
log-0117               126  3.44      3.39  2.57   0.13     25.52
log-0118               114  5.53      5.77  4.37   0.15     36.98
log-0119               149  5.37      6.07  4.38   0.15     35.83
log-0120                50  4.54      4.67  3.48   0.14     33.43
log-0122               342  8.07      7.36  6.37   0.24     33.14
log-0125               204  6.15      6.45  5.03   0.19     32.42
log-0126                59  7.12      8.08  5.67   0.19     37.18
log-0127               110  5.49      6.88  4.42   0.15     36.42
log-0129               445  4.75      4.99  3.80   0.15     32.18
log-0132               294  6.23      4.96  4.83   0.19     33.47
log-0133                92  4.79      5.11  3.71   0.16     29.94
log-0145-filtered-c01  369  5.84      5.67  4.39   0.33     17.60
log-0147-filtered-c01    0  2.98      2.98  2.71   1.28      2.32
log-0147-filtered-c02   22  4.81      4.51  4.10   0.46     10.47
log-0151-filtered-c01    5  1.84      3.12  1.28   0.19      9.86
log-0152-filtered-c01    7  2.46      2.44  2.12   0.38      6.45
log-0152-filtered-c02    0  2.61      2.61  2.17   1.14      2.29
log-0155-filtered-c01   12  5.04      6.95  3.57   0.32     15.80

Median                 238.50  4.72      4.68  3.61   0.17     24.42
Mean                   251.39  4.54      4.70  3.52   0.25     24.00
Std Dev                198.44  1.82      1.70  1.52   0.25      9.05

Error stats on active_mask (centered): travel/baseline/accel vs travel
log                      t   rmse  bin_rmse    mae  nrmse  rms_trav
---------------------  ---  -----  --------  -----  -----  --------
log-0046               415  15.87     26.11  12.73   0.78     20.31
log-0048               431  20.58     29.69  15.77   0.87     23.66
log-0049               243  20.66     27.86  16.24   0.90     22.87
log-0054               753  14.99     23.41  11.38   0.83     18.04
log-0055               259  20.28     28.31  15.96   0.83     24.42
log-0056               291  18.09     27.42  13.70   0.81     22.37
log-0058               400  17.68     24.78  13.65   0.75     23.50
log-0063               151  27.04     35.44  22.93   0.94     28.82
log-0071_183           424  15.83     20.63  12.28   0.73     21.62
log-0072_184           344  15.59     21.90  11.91   0.74     20.94
log-0073_185           326  14.98     20.95  11.25   0.79     19.07
log-0078-valid         145  22.29     33.93  16.99   0.78     28.51
log-0079               266  18.25     27.40  14.28   0.71     25.52
log-0080-valid         365  25.65     40.79  19.67   0.83     31.00
log-0081               827  14.27     27.67  10.13   0.70     20.51
log-0098               234  20.38     28.71  15.44   0.76     26.96
log-0099               645  13.79     26.39  10.41   0.70     19.81
log-0113               260  18.77     28.89  13.82   0.72     26.12
log-0115               179  17.24     27.57  12.06   0.71     24.43
log-0116               195  25.27     31.83  19.70   0.78     32.24
log-0117               126  16.14     30.09  11.16   0.63     25.52
log-0118               114  28.80     36.10  21.60   0.78     36.98
log-0119               149  26.35     33.15  20.69   0.74     35.83
log-0120                50  23.93     27.20  18.25   0.72     33.43
log-0122               342  26.62     35.98  20.77   0.80     33.14
log-0125               204  25.05     34.27  19.46   0.77     32.42
log-0126                59  28.73     31.77  22.80   0.77     37.18
log-0127               110  28.38     32.01  22.22   0.78     36.42
log-0129               445  26.54     37.28  20.58   0.82     32.18
log-0132               294  28.00     44.88  21.71   0.84     33.47
log-0133                92  22.40     28.27  17.54   0.75     29.94
log-0145-filtered-c01  369  14.37     22.93  10.98   0.82     17.60
log-0147-filtered-c01    0   1.56      1.56   1.40   0.67      2.32
log-0147-filtered-c02   22  10.24     12.00   8.25   0.98     10.47
log-0151-filtered-c01    5   8.92     12.02   7.72   0.91      9.86
log-0152-filtered-c01    7   4.40      5.38   3.41   0.68      6.45
log-0152-filtered-c02    0   1.88      1.88   1.47   0.82      2.29
log-0155-filtered-c01   12  11.29     15.64   7.68   0.71     15.80

Median                 238.50  18.51     27.77  14.05   0.78     24.42
Mean                   251.39  18.71     26.37  14.42   0.78     24.00
Std Dev                198.44   7.19      9.65   5.69   0.07      9.05

Error stats on active_mask (centered): travel/oracle/mag_power vs travel
log                      t  rmse  bin_rmse   mae  nrmse  rms_trav
---------------------  ---  ----  --------  ----  -----  --------
log-0046               415  2.40      3.05  1.61   0.12     20.31
log-0048               431  3.58      4.47  2.36   0.15     23.66
log-0049               243  3.05      3.45  1.94   0.13     22.87
log-0054               753  2.81      2.81  2.28   0.16     18.04
log-0055               259  3.52      5.19  2.75   0.14     24.42
log-0056               291  3.54      4.80  2.55   0.16     22.37
log-0058               400  3.36      3.78  2.34   0.14     23.50
log-0063               151  3.89      4.22  2.64   0.13     28.82
log-0071_183           424  2.58      2.77  1.66   0.12     21.62
log-0072_184           344  2.59      2.77  1.81   0.12     20.94
log-0073_185           326  2.27      2.63  1.48   0.12     19.07
log-0078-valid         145  6.71      5.86  5.24   0.24     28.51
log-0079               266  6.33      6.32  4.79   0.25     25.52
log-0080-valid         365  7.58      7.31  5.81   0.24     31.00
log-0081               827  8.47     10.13  6.60   0.41     20.51
log-0098               234  8.10      7.33  6.03   0.30     26.96
log-0099               645  8.88     10.61  7.13   0.45     19.81
log-0113               260  4.93      4.99  3.78   0.19     26.12
log-0115               179  4.60      4.83  3.41   0.19     24.43
log-0116               195  5.44      5.26  4.12   0.17     32.24
log-0117               126  3.59      5.16  2.72   0.14     25.52
log-0118               114  4.94      5.11  3.69   0.13     36.98
log-0119               149  4.99      5.35  3.76   0.14     35.83
log-0120                50  5.54      5.57  4.11   0.17     33.43
log-0122               342  5.76      6.45  4.48   0.17     33.14
log-0125               204  6.69      6.57  5.48   0.21     32.42
log-0126                59  6.06      5.38  4.57   0.16     37.18
log-0127               110  5.03      5.95  3.81   0.14     36.42
log-0129               445  5.37      8.29  4.16   0.17     32.18
log-0132               294  6.22      7.93  4.83   0.19     33.47
log-0133                92  5.22      5.28  3.97   0.17     29.94
log-0145-filtered-c01  369  3.52      4.04  2.75   0.20     17.60
log-0147-filtered-c01    0  1.48      1.48  1.31   0.64      2.32
log-0147-filtered-c02   22  2.99      3.35  2.40   0.29     10.47
log-0151-filtered-c01    5  1.75      1.77  1.57   0.18      9.86
log-0152-filtered-c01    7  2.27      2.42  1.91   0.35      6.45
log-0152-filtered-c02    0  0.76      0.76  0.64   0.33      2.29
log-0155-filtered-c01   12  2.52      2.94  1.94   0.16     15.80

Median                 238.50  4.25      5.05  3.08   0.17     24.42
Mean                   251.39  4.46      4.91  3.38   0.21     24.00
Std Dev                198.44  1.99      2.18  1.58   0.11      9.05

Error stats on active_mask (centered): travel/fusion1 vs travel
log                      t   rmse  bin_rmse    mae  nrmse  rms_trav
---------------------  ---  -----  --------  -----  -----  --------
log-0046               415   2.80      3.60   1.94   0.14     20.31
log-0048               431   4.63      4.88   2.98   0.20     23.66
log-0049               243   3.29      3.25   2.14   0.14     22.87
log-0054               753   3.81      4.53   2.67   0.21     18.04
log-0055               259   5.16      4.53   3.44   0.21     24.42
log-0056               291   3.77      3.93   2.60   0.17     22.37
log-0058               400   4.05      4.69   2.55   0.17     23.50
log-0063               151   4.63      4.11   3.31   0.16     28.82
log-0071_183           424   2.78      2.94   1.76   0.13     21.62
log-0072_184           344   3.02      3.28   1.98   0.14     20.94
log-0073_185           326   2.97      3.42   1.92   0.16     19.07
log-0078-valid         145   9.94      9.12   7.32   0.35     28.51
log-0079               266   6.56      5.77   5.00   0.26     25.52
log-0080-valid         365  12.22      9.27   7.35   0.39     31.00
log-0081               827  12.81     11.45   9.95   0.62     20.51
log-0098               234   9.58      8.48   6.71   0.36     26.96
log-0099               645  12.19      9.95  10.06   0.62     19.81
log-0113               260   6.38      7.06   4.36   0.24     26.12
log-0115               179   7.20      8.48   4.98   0.29     24.43
log-0116               195   6.86      6.34   4.86   0.21     32.24
log-0117               126   4.70      5.08   3.04   0.18     25.52
log-0118               114   6.28      6.64   4.99   0.17     36.98
log-0119               149   6.29      6.67   4.98   0.18     35.83
log-0120                50   6.15      6.33   4.39   0.18     33.43
log-0122               342   9.81      8.62   7.51   0.30     33.14
log-0125               204   7.53      7.25   5.88   0.23     32.42
log-0126                59   7.22      8.09   5.93   0.19     37.18
log-0127               110   7.28      7.48   5.12   0.20     36.42
log-0129               445   8.13      7.78   5.14   0.25     32.18
log-0132               294  10.38      9.10   7.96   0.31     33.47
log-0133                92   5.78      6.29   4.31   0.19     29.94
log-0145-filtered-c01  369   6.78      6.75   4.71   0.38     17.60
log-0147-filtered-c01    0   2.04      2.04   1.55   0.88      2.32
log-0147-filtered-c02   22   4.81      4.48   4.01   0.46     10.47
log-0151-filtered-c01    5   2.26      4.06   1.44   0.23      9.86
log-0152-filtered-c01    7   2.51      2.46   2.14   0.39      6.45
log-0152-filtered-c02    0   2.61      2.61   2.17   1.14      2.29
log-0155-filtered-c01   12   4.02      5.59   2.99   0.25     15.80

Median                 238.50   5.96      6.03   4.33   0.22     24.42
Mean                   251.39   6.03      5.96   4.37   0.30     24.00
Std Dev                198.44   2.92      2.34   2.24   0.21      9.05
