Experiment: front-default-boringmask200mm-fix
ID: 20260908T225434Z-front-default-boringmask200mm-fix
Created: 2026-09-08T15:54:34-07:00
Group: front-default
Tags: none
Pipeline code: 558dbe0da7c5
Experiment fingerprint: 9b67678e260be044aa429663c5841b86887c74d0867e90dd138d4c77af9c088f
Notes: (none)

======================== UNCENTERED ERRORS ========================

Cache duration summary
log             samples  dt_ms  total_s  boring_s  boring_%
--------------  -------  -----  -------  --------  --------
log-0046          61344  10.00   613.44    375.87     61.27
log-0048         108107  10.00  1081.07    335.36     31.02
log-0049          44189  10.00   441.89    176.84     40.02
log-0054         111816  10.00  1118.16    671.94     60.09
log-0055          43808  10.00   438.08    226.51     51.71
log-0056          61448  10.00   614.48    273.25     44.47
log-0058          44381  10.00   443.81    387.07     87.22
log-0063          40781  10.00   407.81    103.45     25.37
log-0071_183      65908  10.00   659.08    416.91     63.26
log-0072_184      58385  10.00   583.85    327.72     56.13
log-0073_185      39115  10.00   391.15    287.27     73.44
log-0078-valid    22949  10.00   229.49    133.34     58.10
log-0079          46824  10.00   468.24    240.32     51.32
log-0080-valid    64718  10.00   647.18    327.89     50.66
log-0081         113665  10.00  1136.65    736.82     64.82
log-0098          36717  10.00   367.17    224.19     61.06
log-0099          65579  10.00   655.79    634.36     96.73
log-0113          29498  10.00   294.98    235.90     79.97
log-0115          18835  10.00   188.35    171.92     91.28
log-0116          27283  10.00   272.83    180.99     66.34
log-0117          14148  10.00   141.48    123.56     87.33
log-0118          16328  10.00   163.28    112.66     69.00
log-0119          19584  10.00   195.84    138.67     70.81
log-0120           6011  10.00    60.11     49.68     82.65
log-0122          43803  10.00   438.03    321.03     73.29
log-0125          24913  10.00   249.13    187.98     75.45
log-0126          14241  10.00   142.41     54.74     38.44
log-0127          26922  10.00   269.22    105.95     39.35
log-0129          77819  10.00   778.19    416.26     53.49
log-0132          34660  10.00   346.60    267.45     77.16
log-0133          10539  10.00   105.39     93.83     89.03
log103            72985  10.00   729.85    396.93     54.39
log104            59770  10.00   597.70    398.14     66.61
log106            19535  10.00   195.35    154.25     78.96
log107            25307  10.00   253.07    167.39     66.14
log109            21587  10.00   215.87    181.66     84.15
log110            21450  10.00   214.50    171.49     79.95
log112            63277  10.00   632.77    329.94     52.14

Error stats on boring_mask (raw): travel/mag_model vs travel
log               t   rmse  bin_rmse    mae      me  rms_trav
--------------  ---  -----  --------  -----  ------  --------
log-0046        375  23.18     25.26  22.81  -22.81     20.24
log-0048        335  19.81     21.35  19.38  -19.38     22.24
log-0049        176  26.71     27.48  26.40  -26.40     21.94
log-0054        671  15.71     16.95  14.91  -14.91     17.53
log-0055        226  17.84     18.49  17.06  -17.06     23.17
log-0056        273  15.19     16.41  14.28  -14.27     22.16
log-0058        387   7.24      8.18   6.02   -5.84     23.06
log-0063        103  26.19     27.02  25.93  -25.93     26.03
log-0071_183    416   6.07      6.66   4.77   -4.60     21.40
log-0072_184    327   9.09     10.12   8.06   -8.01     20.85
log-0073_185    287  34.09     33.16  33.40  -33.40     19.29
log-0078-valid  133  28.17     27.37  26.94  -26.94     27.94
log-0079        240  37.25     36.61  36.44  -36.44     25.97
log-0080-valid  327  19.53     20.62  16.26  -16.24     29.55
log-0081        736  36.53     34.58  34.77  -34.77     20.99
log-0098        224  10.21      9.36   7.53    2.12     26.41
log-0099        634  27.54     25.73  24.34  -24.33     19.35
log-0113        235  22.92     25.43  21.96  -21.95     28.43
log-0115        171  41.84     44.22  41.36  -41.36     26.45
log-0116        180  21.34     22.26  20.07  -20.07     34.44
log-0117        123  17.46     20.02  16.58  -16.57     28.77
log-0118        112  47.63     45.84  46.64  -46.64     42.17
log-0119        138  25.57     26.34  24.52  -24.51     39.21
log-0120         49  29.11     30.03  28.30  -28.30     37.74
log-0122        321  46.36     47.25  45.68  -45.68     36.04
log-0125        187  45.24     46.17  44.48  -44.48     35.83
log-0126         54  54.17     54.20  53.01  -53.01     40.95
log-0127        105  37.71     38.21  36.89  -36.88     40.57
log-0129        416  19.10     21.34  16.68  -16.64     35.80
log-0132        267  43.50     44.09  42.27  -42.27     36.55
log-0133         93  15.33     17.06  13.64  -13.53     31.74
log103          396  27.59     27.72  26.90  -26.63     22.62
log104          398  37.19     37.30  36.53  -36.50     21.56
log106          154  14.83     15.22  14.36  -14.24     22.73
log107          167  21.09     20.86  20.73  -20.73     21.70
log109          181  25.91     25.53  25.49  -25.49     22.03
log110          171  28.54     28.26  27.91  -27.91     21.28
log112          329  24.45     24.79  23.83  -23.81     22.95

Median          230.50  25.74     25.63  24.43  -24.42     24.57
Mean            266.24  26.51     27.04  25.45  -25.17     27.31
Std Dev         160.01  11.77     11.48  11.93   12.42      7.11

Error stats on boring_mask (raw): travel/mag_model/adj vs travel
log               t   rmse  bin_rmse    mae      me  rms_trav
--------------  ---  -----  --------  -----  ------  --------
log-0046        375  16.45     18.57  15.93  -15.92     20.24
log-0048        335   7.57      8.96   6.48   -6.38     22.24
log-0049        176   7.91      8.67   6.86   -6.80     21.94
log-0054        671   8.90     10.23   7.41   -7.39     17.53
log-0055        226   8.18      7.64   7.55    6.32     23.17
log-0056        273   9.54     10.73   8.07   -7.99     22.16
log-0058        387   4.77      5.63   3.24   -2.11     23.06
log-0063        103   4.07      4.62   3.00   -1.78     26.03
log-0071_183    416   9.85     10.28   9.04   -9.02     21.40
log-0072_184    327   4.28      4.93   2.61   -0.11     20.85
log-0073_185    287  12.59     11.73  10.58  -10.57     19.29
log-0078-valid  133  17.40     16.42  15.34  -15.33     27.94
log-0079        240  14.31     13.26  12.08  -12.06     25.97
log-0080-valid  327  16.26     15.06  14.88   12.11     29.55
log-0081        736  17.66     15.08  13.73  -13.66     20.99
log-0098        224  11.62     11.60   7.74   -5.95     26.41
log-0099        634  15.58     13.01  10.94   -8.74     19.35
log-0113        235  16.28     18.74  15.01  -14.90     28.43
log-0115        171   7.08      6.74   5.89    3.17     26.45
log-0116        180  23.22     24.14  22.05  -22.05     34.44
log-0117        123   5.88      6.45   4.67    2.10     28.77
log-0118        112  32.23     30.52  30.77  -30.75     42.17
log-0119        138  10.17     10.89   8.42   -7.09     39.21
log-0120         49  12.49     13.29  10.67  -10.44     37.74
log-0122        321  18.62     19.36  16.88  -16.86     36.04
log-0125        187  21.35     22.16  19.70  -19.69     35.83
log-0126         54  34.08     34.12  32.21  -32.21     40.95
log-0127        105  11.00     11.40   8.77   -7.70     40.57
log-0129        416  32.82     34.79  31.45  -31.45     35.80
log-0132        267  22.84     23.22  20.41  -20.40     36.55
log-0133         93  13.83     15.55  12.00  -11.80     31.74
log103          396  17.57     17.87  16.90  -16.01     22.62
log104          398  25.76     25.96  25.05  -24.74     21.56
log106          154   7.03      7.69   6.16   -5.67     22.73
log107          167   6.43      6.80   5.46   -5.14     21.70
log109          181  14.13     14.11  13.34  -13.33     22.03
log110          171  12.23     12.08  10.72  -10.67     21.28
log112          329  10.87     11.38   9.87   -9.33     22.95

Median          230.50  12.54     12.54  10.70   -9.89     24.57
Mean            266.24  14.28     14.57  12.68  -10.80     27.31
Std Dev         160.01   7.68      7.62   7.62    9.65      7.11

Error stats on boring_mask (raw): travel/solved vs travel
log               t   rmse  bin_rmse    mae      me  rms_trav
--------------  ---  -----  --------  -----  ------  --------
log-0046        375  14.04     14.48  13.69  -13.66     20.24
log-0048        335   5.60      7.24   4.91   -4.70     22.24
log-0049        176   6.44      7.16   5.77   -5.66     21.94
log-0054        671   6.05      6.55   5.49   -5.43     17.53
log-0055        226   8.54      7.96   7.94    7.54     23.17
log-0056        273   5.94      6.80   5.19   -4.89     22.16
log-0058        387   3.25      3.69   2.50   -0.79     23.06
log-0063        103   3.51      4.09   2.70   -1.57     26.03
log-0071_183    416   8.05      7.75   7.66   -7.59     21.40
log-0072_184    327   3.18      3.36   2.31    1.31     20.85
log-0073_185    287   9.42      8.88   8.15   -7.97     19.29
log-0078-valid  133  13.06     13.24  12.26  -12.10     27.94
log-0079        240  10.88     10.90   9.65   -9.28     25.97
log-0080-valid  327  14.83     14.06  13.72   13.12     29.55
log-0081        736  14.30     12.74  11.87  -11.71     20.99
log-0098        224   7.04      7.79   5.68   -4.88     26.41
log-0099        634   9.13      8.61   6.77   -5.71     19.35
log-0113        235  13.41     15.68  12.33  -12.11     28.43
log-0115        171   8.04      8.93   6.55    4.71     26.45
log-0116        180  20.33     20.78  19.17  -19.08     34.44
log-0117        123   6.43      7.27   5.06    3.16     28.77
log-0118        112  31.32     28.88  29.16  -28.91     42.17
log-0119        138   9.97     10.58   8.11   -5.33     39.21
log-0120         49  10.97     11.38   9.34   -8.07     37.74
log-0122        321  16.17     16.85  14.65  -14.25     36.04
log-0125        187  18.77     19.77  17.18  -16.91     35.83
log-0126         54  32.84     32.80  30.43  -30.27     40.95
log-0127        105  10.29     10.47   8.05   -5.33     40.57
log-0129        416  28.83     27.68  27.67  -27.65     35.80
log-0132        267  17.66     17.58  16.17  -15.92     36.55
log-0133         93  11.73     12.88  10.24   -9.80     31.74
log103          396  15.42     16.53  14.78  -14.56     22.62
log104          398  21.53     23.92  20.94  -20.76     21.56
log106          154   6.00      6.37   5.32   -5.12     22.73
log107          167   5.14      5.16   4.54   -4.26     21.70
log109          181  11.90     11.64  11.47  -11.46     22.03
log110          171   9.23      9.19   8.63   -8.61     21.28
log112          329   9.19     10.04   8.40   -8.08     22.95

Median          230.50  10.13     10.53   8.52   -8.02     24.57
Mean            266.24  12.06     12.36  10.91   -8.75     27.31
Std Dev         160.01   7.20      6.98   6.97    9.09      7.11

Error stats on boring_mask (raw): travel/solved/mag_nuisance/delta_lifted vs travel
log               t   rmse  bin_rmse    mae      me  rms_trav
--------------  ---  -----  --------  -----  ------  --------
log-0046        375  14.38     14.98  14.04  -14.03     20.24
log-0048        335   6.00      7.77   5.23   -5.11     22.24
log-0049        176   6.99      7.75   6.22   -6.16     21.94
log-0054        671   6.43      7.00   5.78   -5.75     17.53
log-0055        226   8.15      7.58   7.50    6.90     23.17
log-0056        273   6.19      7.02   5.40   -5.23     22.16
log-0058        387   3.43      3.82   2.60   -1.17     23.06
log-0063        103   3.71      4.29   2.83   -1.79     26.03
log-0071_183    416   8.29      8.11   7.88   -7.86     21.40
log-0072_184    327   3.13      3.33   2.28    0.96     20.85
log-0073_185    287  10.36      9.82   8.94   -8.84     19.29
log-0078-valid  133  13.38     13.50  12.56  -12.49     27.94
log-0079        240  11.68     11.61  10.48  -10.37     25.97
log-0080-valid  327  14.49     13.57  13.32   12.56     29.55
log-0081        736  14.75     13.23  12.26  -12.19     20.99
log-0098        224   7.27      7.92   5.81   -4.98     26.41
log-0099        634   9.50      8.79   7.06   -6.05     19.35
log-0113        235  13.71     15.88  12.68  -12.56     28.43
log-0115        171   7.45      7.72   6.17    4.01     26.45
log-0116        180  20.54     21.00  19.42  -19.37     34.44
log-0117        123   6.08      6.60   4.84    2.86     28.77
log-0118        112  31.65     29.33  29.63  -29.41     42.17
log-0119        138   9.95     10.52   8.05   -6.25     39.21
log-0120         49  11.19     11.57   9.54   -8.83     37.74
log-0122        321  16.87     17.52  15.43  -15.22     36.04
log-0125        187  19.40     20.34  17.87  -17.77     35.83
log-0126         54  33.22     33.19  31.06  -31.02     40.95
log-0127        105  10.39     10.48   8.11   -6.58     40.57
log-0129        416  29.01     27.85  27.87  -27.87     35.80
log-0132        267  18.28     18.13  16.74  -16.58     36.55
log-0133         93  12.00     13.18  10.50  -10.24     31.74
log103          396  15.88     16.82  15.25  -15.13     22.62
log104          398  22.12     24.31  21.57  -21.52     21.56
log106          154   6.16      6.59   5.46   -5.33     22.73
log107          167   5.48      5.68   4.79   -4.59     21.70
log109          181  12.25     12.08  11.79  -11.79     22.03
log110          171   9.94     10.04   9.24   -9.23     21.28
log112          329   9.75     10.71   8.86   -8.65     22.95

Median          230.50  10.37     10.62   9.09   -8.74     24.57
Mean            266.24  12.35     12.62  11.19   -9.28     27.31
Std Dev         160.01   7.27      7.06   7.09    9.12      7.11

Error stats on boring_mask (raw): travel/mag_nuisance/corrected vs travel
log               t   rmse  bin_rmse    mae      me  rms_trav
--------------  ---  -----  --------  -----  ------  --------
log-0046        375  14.67     15.99  14.33  -14.33     20.24
log-0048        335   6.24      7.87   5.38   -5.28     22.24
log-0049        176   7.29      8.16   6.37   -6.34     21.94
log-0054        671   6.80      7.75   6.00   -5.99     17.53
log-0055        226   8.18      7.53   7.57    6.71     23.17
log-0056        273   6.67      7.73   5.81   -5.72     22.16
log-0058        387   3.57      4.21   2.64   -1.35     23.06
log-0063        103   3.92      4.54   2.93   -1.90     26.03
log-0071_183    416   8.53      8.51   8.13   -8.12     21.40
log-0072_184    327   3.32      3.64   2.32    0.70     20.85
log-0073_185    287  10.98     10.61   9.39   -9.37     19.29
log-0078-valid  133  13.83     13.97  13.05  -13.04     27.94
log-0079        240  11.88     11.77  10.74  -10.73     25.97
log-0080-valid  327  14.40     13.41  13.33   12.35     29.55
log-0081        736  15.08     13.40  12.55  -12.52     20.99
log-0098        224   7.64      8.41   5.96   -5.24     26.41
log-0099        634  10.23      9.64   7.41   -6.55     19.35
log-0113        235  13.91     16.40  12.97  -12.95     28.43
log-0115        171   6.79      6.59   5.76    3.54     26.45
log-0116        180  20.77     21.41  19.87  -19.87     34.44
log-0117        123   5.74      6.10   4.65    2.76     28.77
log-0118        112  31.67     29.59  29.87  -29.68     42.17
log-0119        138   9.39     10.09   7.65   -6.50     39.21
log-0120         49  11.04     11.66   9.58   -9.28     37.74
log-0122        321  17.25     18.01  15.93  -15.92     36.04
log-0125        187  19.56     20.61  18.22  -18.20     35.83
log-0126         54  33.38     33.45  31.45  -31.45     40.95
log-0127        105  10.11     10.40   8.04   -6.95     40.57
log-0129        416  29.57     29.18  28.68  -28.68     35.80
log-0132        267  18.93     19.16  17.55  -17.54     36.55
log-0133         93  12.02     13.37  10.66  -10.49     31.74
log103          396  15.71     17.06  15.07  -14.96     22.62
log104          398  22.32     24.65  21.76  -21.72     21.56
log106          154   6.28      6.82   5.54   -5.42     22.73
log107          167   5.66      6.06   4.87   -4.68     21.70
log109          181  12.54     12.96  12.04  -12.04     22.03
log110          171  10.37     10.77   9.50   -9.50     21.28
log112          329   9.80     10.79   8.87   -8.66     22.95

Median          230.50  10.68     10.78   9.45   -8.97     24.57
Mean            266.24  12.53     12.95  11.38   -9.60     27.31
Std Dev         160.01   7.31      7.17   7.22    9.20      7.11


======================== CENTERED ERRORS ========================

Cache duration summary
log             samples  dt_ms  total_s  boring_s  boring_%
--------------  -------  -----  -------  --------  --------
log-0046          61344  10.00   613.44    375.87     61.27
log-0048         108107  10.00  1081.07    335.36     31.02
log-0049          44189  10.00   441.89    176.84     40.02
log-0054         111816  10.00  1118.16    671.94     60.09
log-0055          43808  10.00   438.08    226.51     51.71
log-0056          61448  10.00   614.48    273.25     44.47
log-0058          44381  10.00   443.81    387.07     87.22
log-0063          40781  10.00   407.81    103.45     25.37
log-0071_183      65908  10.00   659.08    416.91     63.26
log-0072_184      58385  10.00   583.85    327.72     56.13
log-0073_185      39115  10.00   391.15    287.27     73.44
log-0078-valid    22949  10.00   229.49    133.34     58.10
log-0079          46824  10.00   468.24    240.32     51.32
log-0080-valid    64718  10.00   647.18    327.89     50.66
log-0081         113665  10.00  1136.65    736.82     64.82
log-0098          36717  10.00   367.17    224.19     61.06
log-0099          65579  10.00   655.79    634.36     96.73
log-0113          29498  10.00   294.98    235.90     79.97
log-0115          18835  10.00   188.35    171.92     91.28
log-0116          27283  10.00   272.83    180.99     66.34
log-0117          14148  10.00   141.48    123.56     87.33
log-0118          16328  10.00   163.28    112.66     69.00
log-0119          19584  10.00   195.84    138.67     70.81
log-0120           6011  10.00    60.11     49.68     82.65
log-0122          43803  10.00   438.03    321.03     73.29
log-0125          24913  10.00   249.13    187.98     75.45
log-0126          14241  10.00   142.41     54.74     38.44
log-0127          26922  10.00   269.22    105.95     39.35
log-0129          77819  10.00   778.19    416.26     53.49
log-0132          34660  10.00   346.60    267.45     77.16
log-0133          10539  10.00   105.39     93.83     89.03
log103            72985  10.00   729.85    396.93     54.39
log104            59770  10.00   597.70    398.14     66.61
log106            19535  10.00   195.35    154.25     78.96
log107            25307  10.00   253.07    167.39     66.14
log109            21587  10.00   215.87    181.66     84.15
log110            21450  10.00   214.50    171.49     79.95
log112            63277  10.00   632.77    329.94     52.14

Error stats on boring_mask (centered): travel/mag_model vs travel
log               t   rmse  bin_rmse    mae     me  rms_trav
--------------  ---  -----  --------  -----  -----  --------
log-0046        375   4.12      5.54   2.68  -0.00     20.24
log-0048        335   4.07      4.46   2.71   0.00     22.24
log-0049        176   4.04      4.33   2.82   0.00     21.94
log-0054        671   4.95      5.95   3.31   0.00     17.53
log-0055        226   5.19      5.22   3.72  -0.00     23.17
log-0056        273   5.21      5.75   3.44   0.00     22.16
log-0058        387   4.27      4.91   2.70  -0.00     23.06
log-0063        103   3.66      3.90   2.66   0.00     26.03
log-0071_183    416   3.97      4.70   2.36  -0.00     21.40
log-0072_184    327   4.28      4.91   2.63   0.00     20.85
log-0073_185    287   6.85      6.72   5.76   0.00     19.29
log-0078-valid  133   8.23      7.05   6.30   0.00     27.94
log-0079        240   7.70      6.28   5.74   0.00     25.97
log-0080-valid  327  10.85     10.71   7.89   0.00     29.55
log-0081        736  11.20      8.73   9.26  -0.00     20.99
log-0098        224   9.98      9.35   6.86  -0.00     26.41
log-0099        634  12.90     10.29  10.74   0.00     19.35
log-0113        235   6.57      7.32   4.97   0.00     28.43
log-0115        171   6.33      7.09   4.79  -0.00     26.45
log-0116        180   7.26      7.53   5.36  -0.00     34.44
log-0117        123   5.49      6.87   4.20  -0.00     28.77
log-0118        112   9.66     10.05   8.02  -0.00     42.17
log-0119        138   7.29      7.63   5.97  -0.00     39.21
log-0120         49   6.84      6.93   5.32  -0.00     37.74
log-0122        321   7.90      7.62   6.23   0.00     36.04
log-0125        187   8.26      8.03   6.60   0.00     35.83
log-0126         54  11.14     11.19   9.12   0.00     40.95
log-0127        105   7.86      7.94   6.33  -0.00     40.57
log-0129        416   9.39     11.41   6.80   0.00     35.80
log-0132        267  10.27      9.57   7.82  -0.00     36.55
log-0133         93   7.21      8.11   5.34   0.00     31.74
log103          396   7.23      8.26   4.31   0.00     22.62
log104          398   7.15      8.25   4.44  -0.00     21.56
log106          154   4.15      5.09   2.61  -0.00     22.73
log107          167   3.88      4.97   2.44   0.00     21.70
log109          181   4.68      6.49   3.08   0.00     22.03
log110          171   5.97      6.29   4.33  -0.00     21.28
log112          329   5.57      6.23   3.63   0.00     22.95

Median          230.50   6.85      6.99   4.88   0.00     24.57
Mean            266.24   6.88      7.15   5.09  -0.00     27.31
Std Dev         160.01   2.42      1.97   2.15   0.00      7.11

Error stats on boring_mask (centered): travel/mag_model/adj vs travel
log               t   rmse  bin_rmse    mae     me  rms_trav
--------------  ---  -----  --------  -----  -----  --------
log-0046        375   4.12      5.54   2.68  -0.00     20.24
log-0048        335   4.07      4.46   2.71   0.00     22.24
log-0049        176   4.04      4.33   2.82   0.00     21.94
log-0054        671   4.95      5.95   3.31   0.00     17.53
log-0055        226   5.19      5.22   3.72  -0.00     23.17
log-0056        273   5.21      5.75   3.44  -0.00     22.16
log-0058        387   4.27      4.91   2.70   0.00     23.06
log-0063        103   3.66      3.90   2.66   0.00     26.03
log-0071_183    416   3.97      4.70   2.36  -0.00     21.40
log-0072_184    327   4.28      4.91   2.63   0.00     20.85
log-0073_185    287   6.85      6.72   5.76  -0.00     19.29
log-0078-valid  133   8.23      7.05   6.30   0.00     27.94
log-0079        240   7.70      6.28   5.74   0.00     25.97
log-0080-valid  327  10.85     10.71   7.89   0.00     29.55
log-0081        736  11.20      8.73   9.26   0.00     20.99
log-0098        224   9.98      9.35   6.86   0.00     26.41
log-0099        634  12.90     10.29  10.74   0.00     19.35
log-0113        235   6.57      7.32   4.97   0.00     28.43
log-0115        171   6.33      7.09   4.79   0.00     26.45
log-0116        180   7.26      7.53   5.36  -0.00     34.44
log-0117        123   5.49      6.87   4.20   0.00     28.77
log-0118        112   9.66     10.05   8.02   0.00     42.17
log-0119        138   7.29      7.63   5.97  -0.00     39.21
log-0120         49   6.84      6.93   5.32  -0.00     37.74
log-0122        321   7.90      7.62   6.23   0.00     36.04
log-0125        187   8.26      8.03   6.60  -0.00     35.83
log-0126         54  11.14     11.19   9.12   0.00     40.95
log-0127        105   7.86      7.94   6.33  -0.00     40.57
log-0129        416   9.39     11.41   6.80  -0.00     35.80
log-0132        267  10.27      9.57   7.82   0.00     36.55
log-0133         93   7.21      8.11   5.34  -0.00     31.74
log103          396   7.23      8.26   4.31   0.00     22.62
log104          398   7.15      8.25   4.44  -0.00     21.56
log106          154   4.15      5.09   2.61   0.00     22.73
log107          167   3.88      4.97   2.44   0.00     21.70
log109          181   4.68      6.49   3.08   0.00     22.03
log110          171   5.97      6.29   4.33   0.00     21.28
log112          329   5.57      6.23   3.63  -0.00     22.95

Median          230.50   6.85      6.99   4.88   0.00     24.57
Mean            266.24   6.88      7.15   5.09   0.00     27.31
Std Dev         160.01   2.42      1.97   2.15   0.00      7.11

Error stats on boring_mask (centered): travel/solved vs travel
log               t   rmse  bin_rmse    mae     me  rms_trav
--------------  ---  -----  --------  -----  -----  --------
log-0046        375   3.27      4.27   2.38  -0.00     20.24
log-0048        335   3.04      3.86   2.31   0.00     22.24
log-0049        176   3.07      3.39   2.12  -0.00     21.94
log-0054        671   2.66      2.96   2.00   0.00     17.53
log-0055        226   3.99      4.06   2.85  -0.00     23.17
log-0056        273   3.38      3.86   2.58  -0.00     22.16
log-0058        387   3.16      3.50   2.38   0.00     23.06
log-0063        103   3.14      3.40   2.46   0.00     26.03
log-0071_183    416   2.66      2.90   1.91  -0.00     21.40
log-0072_184    327   2.90      3.27   2.11   0.00     20.85
log-0073_185    287   5.02      5.05   3.71   0.00     19.29
log-0078-valid  133   4.92      4.75   3.66  -0.00     27.94
log-0079        240   5.67      5.65   4.15   0.00     25.97
log-0080-valid  327   6.90      7.16   5.15   0.00     29.55
log-0081        736   8.21      6.98   6.63  -0.00     20.99
log-0098        224   5.08      5.30   3.83  -0.00     26.41
log-0099        634   7.12      6.30   5.90   0.00     19.35
log-0113        235   5.74      7.14   4.49   0.00     28.43
log-0115        171   6.52      8.43   4.81  -0.00     26.45
log-0116        180   7.03      7.67   5.53   0.00     34.44
log-0117        123   5.60      7.19   4.31   0.00     28.77
log-0118        112  12.04     13.50   9.49   0.00     42.17
log-0119        138   8.43      8.95   6.71  -0.00     39.21
log-0120         49   7.43      7.83   5.73  -0.00     37.74
log-0122        321   7.63      8.07   6.00   0.00     36.04
log-0125        187   8.15      8.59   6.55   0.00     35.83
log-0126         54  12.74     13.12  10.16  -0.00     40.95
log-0127        105   8.80      8.98   6.77  -0.00     40.57
log-0129        416   8.14      9.59   6.44  -0.00     35.80
log-0132        267   7.63      7.48   5.85  -0.00     36.55
log-0133         93   6.44      7.28   5.08  -0.00     31.74
log103          396   5.08      5.92   3.60   0.00     22.62
log104          398   5.74      7.97   3.69  -0.00     21.56
log106          154   3.12      3.62   2.31   0.00     22.73
log107          167   2.87      3.63   1.93   0.00     21.70
log109          181   3.21      4.35   2.30  -0.00     22.03
log110          171   3.33      3.74   2.33   0.00     21.28
log112          329   4.38      5.05   3.20  -0.00     22.95

Median          230.50   5.34      5.79   3.77  -0.00     24.57
Mean            266.24   5.64      6.18   4.30  -0.00     27.31
Std Dev         160.01   2.51      2.60   2.07   0.00      7.11

Error stats on boring_mask (centered): travel/solved/mag_nuisance/delta_lifted vs travel
log               t   rmse  bin_rmse   mae     me  rms_trav
--------------  ---  -----  --------  ----  -----  --------
log-0046        375   3.12      3.89  2.26  -0.00     20.24
log-0048        335   3.14      4.04  2.34  -0.00     22.24
log-0049        176   3.30      3.56  2.35  -0.00     21.94
log-0054        671   2.87      3.16  2.12   0.00     17.53
log-0055        226   4.33      4.35  3.20  -0.00     23.17
log-0056        273   3.30      3.70  2.51  -0.00     22.16
log-0058        387   3.22      3.44  2.39  -0.00     23.06
log-0063        103   3.25      3.46  2.53   0.00     26.03
log-0071_183    416   2.63      2.89  1.87   0.00     21.40
log-0072_184    327   2.98      3.35  2.14   0.00     20.85
log-0073_185    287   5.41      5.48  4.26  -0.00     19.29
log-0078-valid  133   4.79      4.60  3.62   0.00     27.94
log-0079        240   5.38      5.13  4.10   0.00     25.97
log-0080-valid  327   7.22      7.37  5.45  -0.00     29.55
log-0081        736   8.30      6.94  6.81  -0.00     20.99
log-0098        224   5.30      5.39  3.94  -0.00     26.41
log-0099        634   7.32      6.37  6.11  -0.00     19.35
log-0113        235   5.48      6.66  4.35  -0.00     28.43
log-0115        171   6.28      7.62  4.74  -0.00     26.45
log-0116        180   6.83      7.42  5.42  -0.00     34.44
log-0117        123   5.37      6.67  4.15   0.00     28.77
log-0118        112  11.69     13.02  9.16   0.00     42.17
log-0119        138   7.74      8.13  6.21   0.00     39.21
log-0120         49   6.88      7.05  5.28   0.00     37.74
log-0122        321   7.27      7.45  5.76   0.00     36.04
log-0125        187   7.77      8.03  6.26   0.00     35.83
log-0126         54  11.88     12.10  9.69   0.00     40.95
log-0127        105   8.03      8.00  6.31   0.00     40.57
log-0129        416   8.05      9.38  6.43  -0.00     35.80
log-0132        267   7.71      7.29  5.91  -0.00     36.55
log-0133         93   6.26      7.01  4.94   0.00     31.74
log103          396   4.80      5.53  3.41   0.00     22.62
log104          398   5.09      7.15  3.34  -0.00     21.56
log106          154   3.10      3.59  2.26   0.00     22.73
log107          167   3.00      3.84  1.98  -0.00     21.70
log109          181   3.31      4.48  2.35  -0.00     22.03
log110          171   3.68      4.12  2.67  -0.00     21.28
log112          329   4.50      5.31  3.20   0.00     22.95

Median          230.50   5.33      5.50  4.02  -0.00     24.57
Mean            266.24   5.54      5.97  4.26  -0.00     27.31
Std Dev         160.01   2.33      2.33  1.95   0.00      7.11

Error stats on boring_mask (centered): travel/mag_nuisance/corrected vs travel
log               t   rmse  bin_rmse   mae     me  rms_trav
--------------  ---  -----  --------  ----  -----  --------
log-0046        375   3.14      3.95  2.28   0.00     20.24
log-0048        335   3.34      3.94  2.44  -0.00     22.24
log-0049        176   3.61      3.89  2.52  -0.00     21.94
log-0054        671   3.23      3.82  2.21   0.00     17.53
log-0055        226   4.69      4.73  3.42  -0.00     23.17
log-0056        273   3.44      3.83  2.49  -0.00     22.16
log-0058        387   3.30      3.71  2.39  -0.00     23.06
log-0063        103   3.43      3.65  2.64   0.00     26.03
log-0071_183    416   2.61      2.94  1.78  -0.00     21.40
log-0072_184    327   3.24      3.71  2.21   0.00     20.85
log-0073_185    287   5.71      5.86  4.60   0.00     19.29
log-0078-valid  133   4.62      4.42  3.54   0.00     27.94
log-0079        240   5.09      4.61  3.95   0.00     25.97
log-0080-valid  327   7.40      7.78  5.50   0.00     29.55
log-0081        736   8.40      6.84  6.91  -0.00     20.99
log-0098        224   5.56      5.77  3.93  -0.00     26.41
log-0099        634   7.86      6.97  6.47   0.00     19.35
log-0113        235   5.07      6.18  4.05   0.00     28.43
log-0115        171   5.79      6.84  4.52  -0.00     26.45
log-0116        180   6.07      6.57  4.91   0.00     34.44
log-0117        123   5.03      6.35  4.00   0.00     28.77
log-0118        112  11.07     12.17  8.73   0.00     42.17
log-0119        138   6.77      7.15  5.66  -0.00     39.21
log-0120         49   5.98      6.04  4.69  -0.00     37.74
log-0122        321   6.65      6.54  5.45   0.00     36.04
log-0125        187   7.17      7.36  5.82   0.00     35.83
log-0126         54  11.16     11.25  9.10   0.00     40.95
log-0127        105   7.34      7.38  5.93  -0.00     40.57
log-0129        416   7.21      8.13  5.75   0.00     35.80
log-0132        267   7.11      6.62  5.60   0.00     36.55
log-0133         93   5.87      6.56  4.62   0.00     31.74
log103          396   4.79      6.02  3.47   0.00     22.62
log104          398   5.11      7.28  3.38  -0.00     21.56
log106          154   3.17      3.71  2.31  -0.00     22.73
log107          167   3.18      4.14  2.06   0.00     21.70
log109          181   3.50      5.66  2.38   0.00     22.03
log110          171   4.18      4.76  2.95  -0.00     21.28
log112          329   4.58      5.41  3.24  -0.00     22.95

Median          230.50   5.08      5.94  3.94   0.00     24.57
Mean            266.24   5.41      5.86  4.15   0.00     27.31
Std Dev         160.01   2.06      1.97  1.79   0.00      7.11
