Experiment: front-default-boringmask200mm
ID: 20260908T221944Z-front-default-boringmask200mm
Created: 2026-09-08T15:19:44-07:00
Group: front-default
Tags: none
Pipeline code: 7e63edc8f154
Experiment fingerprint: 49c60573905399285c6a9ae76406519b231c4d05795ac10b4f414832b315721a
Notes: (none)

======================== UNCENTERED ERRORS ========================

Cache duration summary
log             samples  dt_ms  total_s  boring_s  boring_%
--------------  -------  -----  -------  --------  --------
log-0046          61344  10.00   613.44    377.78     61.58
log-0048         108107  10.00  1081.07    338.83     31.34
log-0049          44189  10.00   441.89    193.92     43.88
log-0054         111816  10.00  1118.16    678.46     60.68
log-0055          43808  10.00   438.08    232.19     53.00
log-0056          61448  10.00   614.48    278.81     45.37
log-0058          44381  10.00   443.81    391.01     88.10
log-0063          40781  10.00   407.81    112.99     27.71
log-0071_183      65908  10.00   659.08    432.17     65.57
log-0072_184      58385  10.00   583.85    343.92     58.91
log-0073_185      39115  10.00   391.15    291.13     74.43
log-0078-valid    22949  10.00   229.49    133.34     58.10
log-0079          46824  10.00   468.24    263.56     56.29
log-0080-valid    64718  10.00   647.18    327.89     50.66
log-0081         113665  10.00  1136.65    776.96     68.36
log-0098          36717  10.00   367.17    228.39     62.20
log-0099          65579  10.00   655.79    640.29     97.64
log-0113          29498  10.00   294.98    238.72     80.93
log-0115          18835  10.00   188.35    174.57     92.68
log-0116          27283  10.00   272.83    188.88     69.23
log-0117          14148  10.00   141.48    125.78     88.90
log-0118          16328  10.00   163.28    123.57     75.68
log-0119          19584  10.00   195.84    141.10     72.05
log-0120           6011  10.00    60.11     54.72     91.03
log-0122          43803  10.00   438.03    322.87     73.71
log-0125          24913  10.00   249.13    192.69     77.35
log-0126          14241  10.00   142.41     62.04     43.56
log-0127          26922  10.00   269.22    135.10     50.18
log-0129          77819  10.00   778.19    418.72     53.81
log-0132          34660  10.00   346.60    277.15     79.96
log-0133          10539  10.00   105.39    104.52     99.17
log103            72985  10.00   729.85    415.29     56.90
log104            59770  10.00   597.70    398.14     66.61
log106            19535  10.00   195.35    159.04     81.41
log107            25307  10.00   253.07    171.06     67.59
log109            21587  10.00   215.87    185.26     85.82
log110            21450  10.00   214.50    175.38     81.76
log112            63277  10.00   632.77    331.38     52.37

Error stats on boring_mask (raw): travel/mag_model vs travel
log               t   rmse  bin_rmse    mae      me  rms_trav
--------------  ---  -----  --------  -----  ------  --------
log-0046        377  23.21     25.21  22.84  -22.84     20.43
log-0048        338  19.87     21.34  19.44  -19.44     22.59
log-0049        193  26.36     26.56  26.05  -26.05     24.49
log-0054        678  15.73     16.81  14.94  -14.94     17.97
log-0055        232  17.83     18.29  17.07  -17.07     23.78
log-0056        278  15.21     16.20  14.30  -14.29     22.68
log-0058        391   7.20      8.04   5.98   -5.79     23.45
log-0063        112  26.70     27.31  26.42  -26.42     27.92
log-0071_183    432   6.87      7.34   5.24   -5.07     22.63
log-0072_184    343   9.66     10.42   8.50   -8.46     21.61
log-0073_185    291  34.05     32.97  33.37  -33.37     19.67
log-0078-valid  133  28.17     27.37  26.94  -26.94     27.94
log-0079        263  36.94     36.21  36.19  -36.19     29.65
log-0080-valid  327  19.53     20.62  16.26  -16.24     29.55
log-0081        776  36.06     34.40  34.31  -34.31     20.84
log-0098        228  10.23      9.21   7.60    2.29     26.77
log-0099        640  27.48     25.64  24.29  -24.29     19.75
log-0113        238  22.87     25.24  21.91  -21.91     28.74
log-0115        174  41.95     44.45  41.47  -41.47     27.24
log-0116        188  20.96     21.71  19.58  -19.58     34.80
log-0117        125  18.18     21.01  17.03  -17.02     29.56
log-0118        123  46.46     45.59  45.35  -45.35     46.94
log-0119        141  25.46     26.25  24.41  -24.40     39.84
log-0120         54  28.97     29.64  28.23  -28.23     40.25
log-0122        322  46.34     47.22  45.66  -45.66     36.16
log-0125        192  44.99     45.97  44.21  -44.21     36.31
log-0126         62  51.67     53.42  49.87  -49.87     45.17
log-0127        135  36.32     37.43  35.56  -35.55     46.83
log-0129        418  19.15     21.25  16.74  -16.70     36.09
log-0132        277  44.10     44.30  42.83  -42.83     36.66
log-0133        104  14.79     16.02  13.07  -12.97     34.58
log103          415  28.19     28.53  27.44  -27.17     22.69
log104          398  37.19     37.30  36.53  -36.50     21.56
log106          159  14.75     15.12  14.28  -14.06     23.73
log107          171  21.18     20.89  20.82  -20.82     22.35
log109          185  25.86     25.37  25.44  -25.44     22.84
log110          175  28.31     27.77  27.62  -27.62     22.19
log112          331  24.40     24.74  23.74  -23.71     23.09

Median          235.00  25.66     25.50  24.35  -24.35     25.63
Mean            274.18  26.40     26.93  25.30  -25.01     28.40
Std Dev         162.21  11.48     11.40  11.63   12.14      7.94

Error stats on boring_mask (raw): travel/mag_model/adj vs travel
log               t   rmse  bin_rmse    mae      me  rms_trav
--------------  ---  -----  --------  -----  ------  --------
log-0046        377  16.48     18.52  15.95  -15.95     20.43
log-0048        338   7.63      8.94   6.53   -6.44     22.59
log-0049        193   7.63      7.74   6.57   -6.45     24.49
log-0054        678   8.91     10.08   7.44   -7.42     17.97
log-0055        232   8.14      7.64   7.51    6.30     23.78
log-0056        278   9.55     10.49   8.09   -8.01     22.68
log-0058        391   4.75      5.50   3.24   -2.07     23.45
log-0063        112   4.47      4.73   3.38   -2.26     27.92
log-0071_183    432  10.56     10.92   9.51   -9.49     22.63
log-0072_184    343   4.69      5.02   2.94   -0.56     21.61
log-0073_185    291  12.55     11.52  10.55  -10.54     19.67
log-0078-valid  133  17.40     16.42  15.34  -15.33     27.94
log-0079        263  13.93     12.84  11.82  -11.80     29.65
log-0080-valid  327  16.26     15.06  14.88   12.11     29.55
log-0081        776  17.23     14.89  13.26  -13.19     20.84
log-0098        228  11.52     11.34   7.66   -5.78     26.77
log-0099        640  15.51     12.90  10.87   -8.69     19.75
log-0113        238  16.25     18.55  14.97  -14.85     28.74
log-0115        174   7.04      6.67   5.86    3.06     27.24
log-0116        188  22.83     23.58  21.57  -21.56     34.80
log-0117        125   6.60      7.50   5.00    1.65     29.56
log-0118        123  31.15     30.28  29.48  -29.46     46.94
log-0119        141  10.08     10.80   8.29   -6.98     39.84
log-0120         54  12.26     12.83  10.58  -10.37     40.25
log-0122        322  18.60     19.33  16.86  -16.84     36.16
log-0125        192  21.13     22.00  19.43  -19.42     36.31
log-0126         62  32.07     33.63  29.07  -29.07     45.17
log-0127        135   9.79     10.80   7.24   -6.37     46.83
log-0129        418  32.87     34.73  31.51  -31.51     36.09
log-0132        277  23.44     23.41  20.96  -20.96     36.66
log-0133        104  13.30     14.50  11.42  -11.24     34.58
log103          415  18.18     18.57  17.40  -16.55     22.69
log104          398  25.76     25.96  25.05  -24.74     21.56
log106          159   7.08      7.62   6.17   -5.49     23.73
log107          171   6.51      6.76   5.54   -5.23     22.35
log109          185  14.07     13.93  13.29  -13.28     22.84
log110          175  12.10     11.69  10.54  -10.38     22.19
log112          331  10.87     11.38   9.88   -9.24     23.09

Median          235.00  12.40     12.26  10.57   -9.93     25.63
Mean            274.18  14.19     14.45  12.52  -10.64     28.40
Std Dev         162.21   7.46      7.57   7.34    9.38      7.94

Error stats on boring_mask (raw): travel/solved vs travel
log               t   rmse  bin_rmse    mae      me  rms_trav
--------------  ---  -----  --------  -----  ------  --------
log-0046        377  14.03     14.46  13.67  -13.64     20.43
log-0048        338   5.59      7.22   4.92   -4.71     22.59
log-0049        193   6.27      6.61   5.60   -5.51     24.49
log-0054        678   6.02      6.48   5.46   -5.40     17.97
log-0055        232   8.43      7.88   7.78    7.37     23.78
log-0056        278   5.95      6.82   5.22   -4.92     22.68
log-0058        391   3.26      3.68   2.52   -0.82     23.45
log-0063        112   3.79      4.15   2.99   -1.95     27.92
log-0071_183    432   7.97      7.72   7.57   -7.51     22.63
log-0072_184    343   3.59      3.73   2.57    0.89     21.61
log-0073_185    291   9.41      8.78   8.15   -7.98     19.67
log-0078-valid  133  13.06     13.24  12.26  -12.10     27.94
log-0079        263  10.39     10.51   8.81   -8.46     29.65
log-0080-valid  327  14.83     14.06  13.72   13.12     29.55
log-0081        776  13.98     12.60  11.52  -11.37     20.84
log-0098        228   7.01      7.78   5.67   -4.70     26.77
log-0099        640   9.08      8.57   6.71   -5.66     19.75
log-0113        238  13.36     15.68  12.28  -12.07     28.74
log-0115        174   7.99      8.53   6.50    4.59     27.24
log-0116        188  20.02     20.76  18.81  -18.72     34.80
log-0117        125   6.45      7.09   5.11    2.96     29.56
log-0118        123  29.92     28.67  26.82  -26.59     46.94
log-0119        141   9.92     10.54   8.08   -5.12     39.84
log-0120         54  10.87     11.50   9.39   -8.24     40.25
log-0122        322  16.16     16.87  14.65  -14.26     36.16
log-0125        192  18.61     19.75  17.01  -16.75     36.31
log-0126         62  30.87     32.47  27.22  -27.08     45.17
log-0127        135   9.17      9.98   6.72   -4.56     46.83
log-0129        418  28.76     27.67  27.58  -27.56     36.09
log-0132        277  18.42     18.11  16.76  -16.52     36.66
log-0133        104  11.35     12.96   9.91   -9.52     34.58
log103          415  16.02     17.21  15.27  -15.06     22.69
log104          398  21.53     23.92  20.94  -20.76     21.56
log106          159   5.97      6.39   5.31   -5.07     23.73
log107          171   5.18      5.20   4.59   -4.32     22.35
log109          185  11.79     11.54  11.32  -11.30     22.84
log110          175   9.14      9.01   8.51   -8.46     22.19
log112          331   9.18     10.03   8.39   -8.03     23.09

Median          235.00   9.67     10.27   8.45   -8.00     25.63
Mean            274.18  11.93     12.32  10.69   -8.57     28.40
Std Dev         162.21   6.96      6.98   6.60    8.74      7.94

Error stats on boring_mask (raw): travel/solved/mag_nuisance/delta_lifted vs travel
log               t   rmse  bin_rmse    mae      me  rms_trav
--------------  ---  -----  --------  -----  ------  --------
log-0046        377  14.36     14.94  14.02  -14.01     20.43
log-0048        338   5.99      7.74   5.22   -5.11     22.59
log-0049        193   6.78      7.08   6.02   -5.96     24.49
log-0054        678   6.40      6.91   5.75   -5.72     17.97
log-0055        232   8.05      7.52   7.35    6.74     23.78
log-0056        278   6.19      7.03   5.42   -5.25     22.68
log-0058        391   3.43      3.81   2.61   -1.20     23.45
log-0063        112   3.97      4.31   3.10   -2.16     27.92
log-0071_183    432   8.20      8.04   7.79   -7.77     22.63
log-0072_184    343   3.56      3.73   2.54    0.55     21.61
log-0073_185    291  10.34      9.69   8.94   -8.83     19.67
log-0078-valid  133  13.38     13.50  12.56  -12.49     27.94
log-0079        263  11.16     11.18   9.63   -9.38     29.65
log-0080-valid  327  14.49     13.57  13.32   12.56     29.55
log-0081        776  14.41     13.08  11.90  -11.82     20.84
log-0098        228   7.23      7.91   5.78   -4.80     26.77
log-0099        640   9.45      8.75   7.00   -5.99     19.75
log-0113        238  13.65     15.86  12.62  -12.50     28.74
log-0115        174   7.41      7.47   6.13    3.90     27.24
log-0116        188  20.22     20.97  19.05  -19.00     34.80
log-0117        125   6.11      6.50   4.89    2.68     29.56
log-0118        123  30.23     29.06  27.24  -27.04     46.94
log-0119        141   9.90     10.51   8.02   -6.03     39.84
log-0120         54  11.07     11.70   9.57   -8.92     40.25
log-0122        322  16.85     17.53  15.42  -15.22     36.16
log-0125        192  19.23     20.30  17.69  -17.59     36.31
log-0126         62  31.22     32.80  27.77  -27.74     45.17
log-0127        135   9.25     10.18   6.76   -5.54     46.83
log-0129        418  28.94     27.84  27.78  -27.78     36.09
log-0132        277  18.98     18.59  17.30  -17.15     36.66
log-0133        104  11.60     13.19  10.13   -9.90     34.58
log103          415  16.43     17.46  15.71  -15.60     22.69
log104          398  22.12     24.31  21.57  -21.52     21.56
log106          159   6.13      6.60   5.45   -5.27     23.73
log107          171   5.52      5.68   4.84   -4.65     22.35
log109          185  12.14     11.95  11.63  -11.63     22.84
log110          175   9.84      9.81   9.11   -9.08     22.19
log112          331   9.73     10.70   8.84   -8.59     23.09

Median          235.00  10.12     10.61   9.02   -8.71     25.63
Mean            274.18  12.21     12.57  10.96   -9.07     28.40
Std Dev         162.21   7.03      7.04   6.71    8.76      7.94

Error stats on boring_mask (raw): travel/mag_nuisance/corrected vs travel
log               t   rmse  bin_rmse    mae      me  rms_trav
--------------  ---  -----  --------  -----  ------  --------
log-0046        377  14.66     15.94  14.33  -14.33     20.43
log-0048        338   6.25      7.83   5.39   -5.29     22.59
log-0049        193   7.06      7.32   6.15   -6.12     24.49
log-0054        678   6.78      7.64   5.99   -5.97     17.97
log-0055        232   8.09      7.48   7.43    6.55     23.78
log-0056        278   6.69      7.68   5.84   -5.75     22.68
log-0058        391   3.57      4.17   2.65   -1.37     23.45
log-0063        112   4.15      4.47   3.20   -2.26     27.92
log-0071_183    432   8.64      8.60   8.22   -8.21     22.63
log-0072_184    343   3.72      3.91   2.58    0.30     21.61
log-0073_185    291  10.95     10.43   9.38   -9.36     19.67
log-0078-valid  133  13.83     13.97  13.05  -13.04     27.94
log-0079        263  11.37     11.20   9.98   -9.95     29.65
log-0080-valid  327  14.40     13.41  13.33   12.35     29.55
log-0081        776  14.73     13.25  12.17  -12.14     20.84
log-0098        228   7.60      8.33   5.93   -5.06     26.77
log-0099        640  10.18      9.57   7.35   -6.50     19.75
log-0113        238  13.86     16.33  12.92  -12.89     28.74
log-0115        174   6.75      6.48   5.72    3.44     27.24
log-0116        188  20.45     21.25  19.48  -19.47     34.80
log-0117        125   5.94      6.35   4.79    2.50     29.56
log-0118        123  30.32     29.26  27.81  -27.64     46.94
log-0119        141   9.34     10.09   7.63   -6.28     39.84
log-0120         54  10.94     11.62   9.60   -9.33     40.25
log-0122        322  17.24     18.01  15.92  -15.91     36.16
log-0125        192  19.38     20.53  18.02  -18.00     36.31
log-0126         62  31.38     32.99  28.21  -28.21     45.17
log-0127        135   9.01     10.04   6.71   -5.82     46.83
log-0129        418  29.53     29.16  28.63  -28.63     36.09
log-0132        277  19.63     19.58  18.11  -18.11     36.66
log-0133        104  11.63     13.17  10.30  -10.14     34.58
log103          415  16.32     17.70  15.56  -15.46     22.69
log104          398  22.32     24.65  21.76  -21.72     21.56
log106          159   6.24      6.77   5.52   -5.36     23.73
log107          171   5.71      6.01   4.93   -4.75     22.35
log109          185  12.45     12.78  11.92  -11.92     22.84
log110          175  10.27     10.44   9.37   -9.33     22.19
log112          331   9.78     10.77   8.85   -8.60     23.09

Median          235.00  10.61     10.61   9.37   -8.97     25.63
Mean            274.18  12.40     12.87  11.18   -9.42     28.40
Std Dev         162.21   7.08      7.15   6.87    8.87      7.94


======================== CENTERED ERRORS ========================

Cache duration summary
log             samples  dt_ms  total_s  boring_s  boring_%
--------------  -------  -----  -------  --------  --------
log-0046          61344  10.00   613.44    377.78     61.58
log-0048         108107  10.00  1081.07    338.83     31.34
log-0049          44189  10.00   441.89    193.92     43.88
log-0054         111816  10.00  1118.16    678.46     60.68
log-0055          43808  10.00   438.08    232.19     53.00
log-0056          61448  10.00   614.48    278.81     45.37
log-0058          44381  10.00   443.81    391.01     88.10
log-0063          40781  10.00   407.81    112.99     27.71
log-0071_183      65908  10.00   659.08    432.17     65.57
log-0072_184      58385  10.00   583.85    343.92     58.91
log-0073_185      39115  10.00   391.15    291.13     74.43
log-0078-valid    22949  10.00   229.49    133.34     58.10
log-0079          46824  10.00   468.24    263.56     56.29
log-0080-valid    64718  10.00   647.18    327.89     50.66
log-0081         113665  10.00  1136.65    776.96     68.36
log-0098          36717  10.00   367.17    228.39     62.20
log-0099          65579  10.00   655.79    640.29     97.64
log-0113          29498  10.00   294.98    238.72     80.93
log-0115          18835  10.00   188.35    174.57     92.68
log-0116          27283  10.00   272.83    188.88     69.23
log-0117          14148  10.00   141.48    125.78     88.90
log-0118          16328  10.00   163.28    123.57     75.68
log-0119          19584  10.00   195.84    141.10     72.05
log-0120           6011  10.00    60.11     54.72     91.03
log-0122          43803  10.00   438.03    322.87     73.71
log-0125          24913  10.00   249.13    192.69     77.35
log-0126          14241  10.00   142.41     62.04     43.56
log-0127          26922  10.00   269.22    135.10     50.18
log-0129          77819  10.00   778.19    418.72     53.81
log-0132          34660  10.00   346.60    277.15     79.96
log-0133          10539  10.00   105.39    104.52     99.17
log103            72985  10.00   729.85    415.29     56.90
log104            59770  10.00   597.70    398.14     66.61
log106            19535  10.00   195.35    159.04     81.41
log107            25307  10.00   253.07    171.06     67.59
log109            21587  10.00   215.87    185.26     85.82
log110            21450  10.00   214.50    175.38     81.76
log112            63277  10.00   632.77    331.38     52.37

Error stats on boring_mask (centered): travel/mag_model vs travel
log               t   rmse  bin_rmse    mae     me  rms_trav
--------------  ---  -----  --------  -----  -----  --------
log-0046        377   4.12      5.44   2.70  -0.00     20.43
log-0048        338   4.09      4.39   2.75   0.00     22.59
log-0049        193   4.09      3.93   2.79   0.00     24.49
log-0054        678   4.93      5.79   3.31   0.00     17.97
log-0055        232   5.14      5.01   3.68  -0.00     23.78
log-0056        278   5.19      5.53   3.44  -0.00     22.68
log-0058        391   4.28      4.82   2.72   0.00     23.45
log-0063        112   3.85      3.79   2.94  -0.00     27.92
log-0071_183    432   4.63      5.21   2.87  -0.00     22.63
log-0072_184    343   4.66      4.90   3.04   0.00     21.61
log-0073_185    291   6.81      6.61   5.71  -0.00     19.67
log-0078-valid  133   8.23      7.05   6.30   0.00     27.94
log-0079        263   7.40      6.08   5.42   0.00     29.65
log-0080-valid  327  10.85     10.71   7.89   0.00     29.55
log-0081        776  11.09      8.58   9.12  -0.00     20.84
log-0098        228   9.97      9.16   6.86  -0.00     26.77
log-0099        640  12.85     10.21  10.68  -0.00     19.75
log-0113        238   6.59      7.23   4.96   0.00     28.74
log-0115        174   6.35      7.09   4.85  -0.00     27.24
log-0116        188   7.48      7.61   5.60   0.00     34.80
log-0117        125   6.39      7.89   4.61   0.00     29.56
log-0118        123  10.11     10.02   8.52   0.00     46.94
log-0119        141   7.27      7.59   5.98  -0.00     39.84
log-0120         54   6.53      6.51   4.90   0.00     40.25
log-0122        322   7.88      7.61   6.22  -0.00     36.16
log-0125        192   8.33      8.16   6.72  -0.00     36.31
log-0126         62  13.55     13.18  10.86   0.00     45.17
log-0127        135   7.43      7.93   6.03   0.00     46.83
log-0129        418   9.39     11.25   6.83   0.00     36.09
log-0132        277  10.50      9.52   8.22  -0.00     36.66
log-0133        104   7.10      7.31   5.35  -0.00     34.58
log103          415   7.51      7.98   4.51   0.00     22.69
log104          398   7.15      8.25   4.44  -0.00     21.56
log106          159   4.47      5.10   2.73  -0.00     23.73
log107          171   3.88      4.85   2.49  -0.00     22.35
log109          185   4.66      6.38   3.06  -0.00     22.84
log110          175   6.22      6.42   4.42   0.00     22.19
log112          331   5.73      6.39   3.72   0.00     23.09

Median          235.00   6.70      7.07   4.87  -0.00     25.63
Mean            274.18   7.02      7.14   5.19  -0.00     28.40
Std Dev         162.21   2.51      2.10   2.22   0.00      7.94

Error stats on boring_mask (centered): travel/mag_model/adj vs travel
log               t   rmse  bin_rmse    mae     me  rms_trav
--------------  ---  -----  --------  -----  -----  --------
log-0046        377   4.12      5.44   2.70  -0.00     20.43
log-0048        338   4.09      4.39   2.75  -0.00     22.59
log-0049        193   4.09      3.93   2.79   0.00     24.49
log-0054        678   4.93      5.79   3.31   0.00     17.97
log-0055        232   5.14      5.01   3.68  -0.00     23.78
log-0056        278   5.19      5.53   3.44  -0.00     22.68
log-0058        391   4.28      4.82   2.72   0.00     23.45
log-0063        112   3.85      3.79   2.94   0.00     27.92
log-0071_183    432   4.63      5.21   2.87  -0.00     22.63
log-0072_184    343   4.66      4.90   3.04   0.00     21.61
log-0073_185    291   6.81      6.61   5.71   0.00     19.67
log-0078-valid  133   8.23      7.05   6.30   0.00     27.94
log-0079        263   7.40      6.08   5.42   0.00     29.65
log-0080-valid  327  10.85     10.71   7.89   0.00     29.55
log-0081        776  11.09      8.58   9.12  -0.00     20.84
log-0098        228   9.97      9.16   6.86   0.00     26.77
log-0099        640  12.85     10.21  10.68  -0.00     19.75
log-0113        238   6.59      7.23   4.96  -0.00     28.74
log-0115        174   6.35      7.09   4.85  -0.00     27.24
log-0116        188   7.48      7.61   5.60   0.00     34.80
log-0117        125   6.39      7.89   4.61   0.00     29.56
log-0118        123  10.11     10.02   8.52   0.00     46.94
log-0119        141   7.27      7.59   5.98   0.00     39.84
log-0120         54   6.53      6.51   4.90   0.00     40.25
log-0122        322   7.88      7.61   6.22  -0.00     36.16
log-0125        192   8.33      8.16   6.72  -0.00     36.31
log-0126         62  13.55     13.18  10.86   0.00     45.17
log-0127        135   7.43      7.93   6.03  -0.00     46.83
log-0129        418   9.39     11.25   6.83   0.00     36.09
log-0132        277  10.50      9.52   8.22  -0.00     36.66
log-0133        104   7.10      7.31   5.35  -0.00     34.58
log103          415   7.51      7.98   4.51   0.00     22.69
log104          398   7.15      8.25   4.44  -0.00     21.56
log106          159   4.47      5.10   2.73   0.00     23.73
log107          171   3.88      4.85   2.49  -0.00     22.35
log109          185   4.66      6.38   3.06   0.00     22.84
log110          175   6.22      6.42   4.42  -0.00     22.19
log112          331   5.73      6.39   3.72   0.00     23.09

Median          235.00   6.70      7.07   4.87   0.00     25.63
Mean            274.18   7.02      7.14   5.19  -0.00     28.40
Std Dev         162.21   2.51      2.10   2.22   0.00      7.94

Error stats on boring_mask (centered): travel/solved vs travel
log               t   rmse  bin_rmse    mae     me  rms_trav
--------------  ---  -----  --------  -----  -----  --------
log-0046        377   3.28      4.22   2.38  -0.00     20.43
log-0048        338   3.02      3.82   2.29  -0.00     22.59
log-0049        193   2.99      2.96   2.06   0.00     24.49
log-0054        678   2.67      2.94   2.01   0.00     17.97
log-0055        232   4.11      4.06   2.99  -0.00     23.78
log-0056        278   3.35      3.78   2.56  -0.00     22.68
log-0058        391   3.15      3.46   2.39   0.00     23.45
log-0063        112   3.26      3.28   2.64  -0.00     27.92
log-0071_183    432   2.64      2.80   1.93   0.00     22.63
log-0072_184    343   3.48      3.77   2.42   0.00     21.61
log-0073_185    291   4.99      4.94   3.68  -0.00     19.67
log-0078-valid  133   4.92      4.75   3.66  -0.00     27.94
log-0079        263   6.03      5.73   4.53  -0.00     29.65
log-0080-valid  327   6.90      7.16   5.15   0.00     29.55
log-0081        776   8.13      6.88   6.55  -0.00     20.84
log-0098        228   5.19      5.42   3.92   0.00     26.77
log-0099        640   7.10      6.27   5.89  -0.00     19.75
log-0113        238   5.73      7.08   4.48   0.00     28.74
log-0115        174   6.54      8.26   4.87  -0.00     27.24
log-0116        188   7.09      7.51   5.68   0.00     34.80
log-0117        125   5.73      7.18   4.43   0.00     29.56
log-0118        123  13.71     13.58  11.05   0.00     46.94
log-0119        141   8.50      8.93   6.80  -0.00     39.84
log-0120         54   7.10      7.16   5.34   0.00     40.25
log-0122        322   7.61      8.02   5.97  -0.00     36.16
log-0125        192   8.11      8.47   6.56  -0.00     36.31
log-0126         62  14.82     14.48  11.90  -0.00     45.17
log-0127        135   7.95      8.26   5.92   0.00     46.83
log-0129        418   8.20      9.56   6.49   0.00     36.09
log-0132        277   8.14      7.82   6.28  -0.00     36.66
log-0133        104   6.19      6.84   4.83  -0.00     34.58
log103          415   5.48      5.94   3.85   0.00     22.69
log104          398   5.74      7.97   3.69  -0.00     21.56
log106          159   3.15      3.55   2.31  -0.00     23.73
log107          171   2.87      3.59   1.94  -0.00     22.35
log109          185   3.37      4.46   2.43  -0.00     22.84
log110          175   3.45      3.78   2.40   0.00     22.19
log112          331   4.45      5.12   3.26   0.00     23.09

Median          235.00   5.60      5.83   3.89  -0.00     25.63
Mean            274.18   5.77      6.15   4.41  -0.00     28.40
Std Dev         162.21   2.75      2.68   2.28   0.00      7.94

Error stats on boring_mask (centered): travel/solved/mag_nuisance/delta_lifted vs travel
log               t   rmse  bin_rmse    mae     me  rms_trav
--------------  ---  -----  --------  -----  -----  --------
log-0046        377   3.13      3.87   2.27  -0.00     20.43
log-0048        338   3.13      4.00   2.32   0.00     22.59
log-0049        193   3.23      3.17   2.29  -0.00     24.49
log-0054        678   2.88      3.14   2.13   0.00     17.97
log-0055        232   4.41      4.31   3.31  -0.00     23.78
log-0056        278   3.28      3.62   2.49  -0.00     22.68
log-0058        391   3.21      3.41   2.39  -0.00     23.45
log-0063        112   3.33      3.33   2.69  -0.00     27.92
log-0071_183    432   2.63      2.84   1.89   0.00     22.63
log-0072_184    343   3.51      3.79   2.45   0.00     21.61
log-0073_185    291   5.38      5.36   4.22  -0.00     19.67
log-0078-valid  133   4.79      4.60   3.62   0.00     27.94
log-0079        263   6.06      5.73   4.62   0.00     29.65
log-0080-valid  327   7.22      7.37   5.45  -0.00     29.55
log-0081        776   8.24      6.85   6.73  -0.00     20.84
log-0098        228   5.40      5.51   4.03  -0.00     26.77
log-0099        640   7.31      6.35   6.10  -0.00     19.75
log-0113        238   5.48      6.64   4.36   0.00     28.74
log-0115        174   6.30      7.53   4.79  -0.00     27.24
log-0116        188   6.92      7.33   5.58   0.00     34.80
log-0117        125   5.49      6.71   4.26  -0.00     29.56
log-0118        123  13.52     13.35  10.79   0.00     46.94
log-0119        141   7.85      8.21   6.33  -0.00     39.84
log-0120         54   6.56      6.63   4.88  -0.00     40.25
log-0122        322   7.25      7.41   5.73  -0.00     36.16
log-0125        192   7.76      7.99   6.31  -0.00     36.31
log-0126         62  14.33     13.98  11.48  -0.00     45.17
log-0127        135   7.41      7.80   5.76   0.00     46.83
log-0129        418   8.11      9.37   6.49   0.00     36.09
log-0132        277   8.14      7.57   6.31  -0.00     36.66
log-0133        104   6.05      6.72   4.75   0.00     34.58
log103          415   5.17      5.57   3.65   0.00     22.69
log104          398   5.09      7.15   3.34  -0.00     21.56
log106          159   3.14      3.54   2.26  -0.00     23.73
log107          171   2.98      3.79   2.00  -0.00     22.35
log109          185   3.48      4.60   2.47   0.00     22.84
log110          175   3.81      4.16   2.73   0.00     22.19
log112          331   4.57      5.38   3.26   0.00     23.09

Median          235.00   5.39      5.65   4.13  -0.00     25.63
Mean            274.18   5.70      6.02   4.38  -0.00     28.40
Std Dev         162.21   2.63      2.50   2.19   0.00      7.94

Error stats on boring_mask (centered): travel/mag_nuisance/corrected vs travel
log               t   rmse  bin_rmse    mae     me  rms_trav
--------------  ---  -----  --------  -----  -----  --------
log-0046        377   3.13      3.89   2.28  -0.00     20.43
log-0048        338   3.33      3.88   2.43   0.00     22.59
log-0049        193   3.53      3.40   2.44   0.00     24.49
log-0054        678   3.22      3.74   2.21   0.00     17.97
log-0055        232   4.74      4.63   3.53  -0.00     23.78
log-0056        278   3.42      3.73   2.48  -0.00     22.68
log-0058        391   3.30      3.65   2.39  -0.00     23.45
log-0063        112   3.48      3.44   2.78  -0.00     27.92
log-0071_183    432   2.68      2.95   1.80   0.00     22.63
log-0072_184    343   3.70      3.95   2.53   0.00     21.61
log-0073_185    291   5.68      5.74   4.56  -0.00     19.67
log-0078-valid  133   4.62      4.42   3.54   0.00     27.94
log-0079        263   5.51      5.03   4.26   0.00     29.65
log-0080-valid  327   7.40      7.78   5.50   0.00     29.55
log-0081        776   8.34      6.75   6.83  -0.00     20.84
log-0098        228   5.66      5.84   4.02   0.00     26.77
log-0099        640   7.84      6.92   6.45  -0.00     19.75
log-0113        238   5.07      6.18   4.06   0.00     28.74
log-0115        174   5.81      6.83   4.57  -0.00     27.24
log-0116        188   6.23      6.63   5.11   0.00     34.80
log-0117        125   5.39      6.70   4.21  -0.00     29.56
log-0118        123  12.46     12.31   9.97   0.00     46.94
log-0119        141   6.92      7.32   5.79   0.00     39.84
log-0120         54   5.70      5.82   4.31   0.00     40.25
log-0122        322   6.63      6.52   5.42  -0.00     36.16
log-0125        192   7.19      7.39   5.89  -0.00     36.31
log-0126         62  13.75     13.42  10.82  -0.00     45.17
log-0127        135   6.87      7.43   5.53  -0.00     46.83
log-0129        418   7.22      8.09   5.77   0.00     36.09
log-0132        277   7.59      6.90   6.02   0.00     36.66
log-0133        104   5.69      6.31   4.48  -0.00     34.58
log103          415   5.23      6.10   3.75   0.00     22.69
log104          398   5.11      7.28   3.38  -0.00     21.56
log106          159   3.20      3.63   2.31  -0.00     23.73
log107          171   3.18      4.06   2.09  -0.00     22.35
log109          185   3.59      5.68   2.46   0.00     22.84
log110          175   4.29      4.74   3.00  -0.00     22.19
log112          331   4.65      5.47   3.29   0.00     23.09

Median          235.00   5.31      5.83   4.04   0.00     25.63
Mean            274.18   5.56      5.91   4.27  -0.00     28.40
Std Dev         162.21   2.36      2.19   2.00   0.00      7.94
