Experiment: mag_corr_baseline
ID: 20260902T152313Z-mag-corr-baseline
Created: 2026-09-02T08:23:13-07:00
Group: registry query/all usable
Tags: none
Pipeline code: bd71383ede00
Experiment fingerprint: 76ad664ecdf95fe03d35d0dc26976859114333d1580f94b3463f1d85c48efab7
Notes: (none)

======================== UNCENTERED ERRORS ========================

Cache duration summary
log             samples  dt_ms  total_s  boring_s  boring_%
--------------  -------  -----  -------  --------  --------
log-0046          61344  10.00   613.44    385.08     62.77
log-0048         108107  10.00  1081.07    348.44     32.23
log-0049          44189  10.00   441.89    207.58     46.98
log-0054         111816  10.00  1118.16    688.03     61.53
log-0055          43808  10.00   438.08    233.04     53.20
log-0056          61448  10.00   614.48    285.93     46.53
log-0058          44381  10.00   443.81    392.61     88.46
log-0063          40781  10.00   407.81    124.37     30.50
log-0071_183      65908  10.00   659.08    434.32     65.90
log-0072_184      58385  10.00   583.85    347.94     59.59
log-0073_185      39115  10.00   391.15    301.84     77.17
log-0078-valid    22949  10.00   229.49    135.14     58.89
log-0079          46824  10.00   468.24    271.95     58.08
log-0080-valid    64718  10.00   647.18    335.98     51.91
log-0081         113665  10.00  1136.65    798.84     70.28
log103            72985  10.00   729.85    419.79     57.52
log104            59770  10.00   597.70    407.13     68.12
log106            19535  10.00   195.35    160.32     82.07
log107            25307  10.00   253.07    171.99     67.96
log109            21587  10.00   215.87    187.19     86.71
log110            21450  10.00   214.50    175.89     82.00
log112            63277  10.00   632.77    338.21     53.45

Error stats on boring_mask (raw): travel/mag_model vs travel
log               t   rmse  bin_rmse    mae      me  rms_trav
--------------  ---  -----  --------  -----  ------  --------
log-0046        385  23.20     25.19  22.84  -22.84     20.57
log-0048        348  19.81     21.32  19.41  -19.41     22.44
log-0049        207  26.27     26.55  25.97  -25.97     24.23
log-0054        688  15.72     16.82  14.93  -14.93     17.94
log-0055        233  17.78     18.27  17.03  -17.03     23.70
log-0056        285  15.16     16.20  14.27  -14.27     22.52
log-0058        392   7.23      8.08   6.00   -5.81     23.40
log-0063        124  26.65     27.33  26.39  -26.39     27.45
log-0071_183    434   6.87      7.35   5.24   -5.08     22.61
log-0072_184    347   9.66     10.47   8.52   -8.50     21.45
log-0073_185    301  33.97     32.93  33.29  -33.29     19.37
log-0078-valid  135  28.07     27.33  26.85  -26.85     27.76
log-0079        271  36.81     36.13  36.06  -36.06     29.51
log-0080-valid  335  19.33     20.49  16.06  -16.05     29.27
log-0081        798  36.06     34.41  34.33  -34.33     20.61
log103          419  28.18     28.53  27.44  -27.15     22.78
log104          407  37.27     37.32  36.60  -36.57     21.46
log106          160  14.76     15.12  14.28  -14.07     23.57
log107          171  21.17     20.91  20.82  -20.81     22.19
log109          187  25.85     25.37  25.43  -25.43     22.77
log110          175  28.27     27.77  27.58  -27.58     22.18
log112          338  24.33     24.69  23.67  -23.64     22.97

Median          318.00  23.77     24.94  23.25  -23.24     22.69
Mean            324.55  22.84     23.12  21.95  -21.91     23.22
Std Dev         163.59   8.85      8.34   9.00    9.03      2.88

Error stats on boring_mask (raw): travel/mag_model/adj vs travel
log               t   rmse  bin_rmse    mae      me  rms_trav
--------------  ---  -----  --------  -----  ------  --------
log-0046        385  16.46     18.49  15.95  -15.95     20.57
log-0048        348   7.55      8.91   6.49   -6.40     22.44
log-0049        207   7.51      7.72   6.49   -6.37     24.23
log-0054        688   8.89     10.08   7.43   -7.41     17.94
log-0055        233   8.16      7.65   7.54    6.35     23.70
log-0056        285   9.50     10.50   8.06   -7.99     22.52
log-0058        392   4.77      5.54   3.24   -2.09     23.40
log-0063        124   4.34      4.72   3.28   -2.24     27.45
log-0071_183    434  10.56     10.93   9.51   -9.50     22.61
log-0072_184    347   4.62      4.99   2.90   -0.60     21.45
log-0073_185    301  12.46     11.48  10.48  -10.47     19.37
log-0078-valid  135  17.31     16.38  15.25  -15.24     27.76
log-0079        271  13.81     12.75  11.69  -11.68     29.51
log-0080-valid  335  16.35     15.07  14.99   12.30     29.27
log-0081        798  17.22     14.89  13.28  -13.21     20.61
log103          419  18.18     18.58  17.42  -16.54     22.78
log104          407  25.83     25.98  25.12  -24.82     21.46
log106          160   7.08      7.64   6.19   -5.50     23.57
log107          171   6.49      6.79   5.53   -5.22     22.19
log109          187  14.06     13.93  13.28  -13.28     22.77
log110          175  12.06     11.68  10.51  -10.34     22.18
log112          338  10.83     11.36   9.85   -9.16     22.97

Median          318.00  10.70     11.15   9.68   -8.57     22.69
Mean            324.55  11.55     11.64  10.20   -7.97     23.22
Std Dev         163.59   5.31      5.06   5.28    7.73      2.88

Error stats on boring_mask (raw): travel/solved vs travel
log               t   rmse  bin_rmse    mae      me  rms_trav
--------------  ---  -----  --------  -----  ------  --------
log-0046        385  15.03     15.38  14.68  -14.65     20.57
log-0048        348   6.54      7.89   5.78   -5.61     22.44
log-0049        207   6.78      7.05   5.98   -5.77     24.23
log-0054        688   7.20      7.51   6.38   -6.32     17.94
log-0055        233   8.41      7.93   7.75    7.21     23.70
log-0056        285   7.22      7.80   6.45   -6.22     22.52
log-0058        392   3.57      3.94   2.78   -1.32     23.40
log-0063        124   3.99      4.39   3.09   -1.96     27.45
log-0071_183    434   8.36      8.10   7.96   -7.90     22.61
log-0072_184    347   3.64      3.85   2.50    0.28     21.45
log-0073_185    301  10.34      9.36   8.78   -8.62     19.37
log-0078-valid  135  15.10     14.37  13.35  -13.17     27.76
log-0079        271  11.99     11.44   9.59   -9.26     29.51
log-0080-valid  335  16.37     15.24  14.95   13.34     29.27
log-0081        798  15.77     13.54  12.18  -11.96     20.61
log103          419  17.68     18.01  16.99  -16.19     22.78
log104          407  24.35     25.03  23.72  -23.34     21.46
log106          160   6.60      6.99   5.87   -5.19     23.57
log107          171   5.70      5.63   5.04   -4.67     22.19
log109          187  12.72     12.07  12.10  -12.08     22.77
log110          175  10.27      9.79   9.21   -9.04     22.18
log112          338  10.23     10.73   9.42   -8.74     22.97

Median          318.00   9.32      8.73   8.37   -7.11     22.69
Mean            324.55  10.36     10.27   9.30   -6.87     23.22
Std Dev         163.59   5.18      5.00   5.06    7.55      2.88


======================== CENTERED ERRORS ========================

Cache duration summary
log             samples  dt_ms  total_s  boring_s  boring_%
--------------  -------  -----  -------  --------  --------
log-0046          61344  10.00   613.44    385.08     62.77
log-0048         108107  10.00  1081.07    348.44     32.23
log-0049          44189  10.00   441.89    207.58     46.98
log-0054         111816  10.00  1118.16    688.03     61.53
log-0055          43808  10.00   438.08    233.04     53.20
log-0056          61448  10.00   614.48    285.93     46.53
log-0058          44381  10.00   443.81    392.61     88.46
log-0063          40781  10.00   407.81    124.37     30.50
log-0071_183      65908  10.00   659.08    434.32     65.90
log-0072_184      58385  10.00   583.85    347.94     59.59
log-0073_185      39115  10.00   391.15    301.84     77.17
log-0078-valid    22949  10.00   229.49    135.14     58.89
log-0079          46824  10.00   468.24    271.95     58.08
log-0080-valid    64718  10.00   647.18    335.98     51.91
log-0081         113665  10.00  1136.65    798.84     70.28
log103            72985  10.00   729.85    419.79     57.52
log104            59770  10.00   597.70    407.13     68.12
log106            19535  10.00   195.35    160.32     82.07
log107            25307  10.00   253.07    171.99     67.96
log109            21587  10.00   215.87    187.19     86.71
log110            21450  10.00   214.50    175.89     82.00
log112            63277  10.00   632.77    338.21     53.45

Error stats on boring_mask (centered): travel/mag_model vs travel
log               t   rmse  bin_rmse   mae     me  rms_trav
--------------  ---  -----  --------  ----  -----  --------
log-0046        385   4.10      5.40  2.69   0.00     20.57
log-0048        348   4.00      4.36  2.68   0.00     22.44
log-0049        207   3.97      3.92  2.67  -0.00     24.23
log-0054        688   4.90      5.79  3.28   0.00     17.94
log-0055        233   5.12      5.01  3.66  -0.00     23.70
log-0056        285   5.14      5.53  3.39  -0.00     22.52
log-0058        392   4.29      4.85  2.72  -0.00     23.40
log-0063        124   3.72      3.77  2.80  -0.00     27.45
log-0071_183    434   4.63      5.22  2.87   0.00     22.61
log-0072_184    347   4.58      4.85  3.00  -0.00     21.45
log-0073_185    301   6.76      6.58  5.65   0.00     19.37
log-0078-valid  135   8.21      7.02  6.29   0.00     27.76
log-0079        271   7.37      6.04  5.40   0.00     29.51
log-0080-valid  335  10.77     10.64  7.82   0.00     29.27
log-0081        798  11.05      8.56  9.09   0.00     20.61
log103          419   7.54      8.05  4.50   0.00     22.78
log104          407   7.17      8.29  4.46   0.00     21.46
log106          160   4.46      5.14  2.71   0.00     23.57
log107          171   3.86      4.89  2.47   0.00     22.19
log109          187   4.63      6.37  3.04  -0.00     22.77
log110          175   6.20      6.42  4.38   0.00     22.18
log112          338   5.77      6.46  3.75  -0.00     22.97

Median          318.00   5.01      5.66  3.34   0.00     22.69
Mean            324.55   5.83      6.05  4.06   0.00     23.22
Std Dev         163.59   2.07      1.63  1.75   0.00      2.88

Error stats on boring_mask (centered): travel/mag_model/adj vs travel
log               t   rmse  bin_rmse   mae     me  rms_trav
--------------  ---  -----  --------  ----  -----  --------
log-0046        385   4.10      5.40  2.69   0.00     20.57
log-0048        348   4.00      4.36  2.68  -0.00     22.44
log-0049        207   3.97      3.92  2.67  -0.00     24.23
log-0054        688   4.90      5.79  3.28  -0.00     17.94
log-0055        233   5.12      5.01  3.66  -0.00     23.70
log-0056        285   5.14      5.53  3.39   0.00     22.52
log-0058        392   4.29      4.85  2.72   0.00     23.40
log-0063        124   3.72      3.77  2.80  -0.00     27.45
log-0071_183    434   4.63      5.22  2.87   0.00     22.61
log-0072_184    347   4.58      4.85  3.00   0.00     21.45
log-0073_185    301   6.76      6.58  5.65  -0.00     19.37
log-0078-valid  135   8.21      7.02  6.29  -0.00     27.76
log-0079        271   7.37      6.04  5.40   0.00     29.51
log-0080-valid  335  10.77     10.64  7.82   0.00     29.27
log-0081        798  11.05      8.56  9.09   0.00     20.61
log103          419   7.54      8.05  4.50   0.00     22.78
log104          407   7.17      8.29  4.46   0.00     21.46
log106          160   4.46      5.14  2.71  -0.00     23.57
log107          171   3.86      4.89  2.47   0.00     22.19
log109          187   4.63      6.37  3.04  -0.00     22.77
log110          175   6.20      6.42  4.38   0.00     22.18
log112          338   5.77      6.46  3.75   0.00     22.97

Median          318.00   5.01      5.66  3.34   0.00     22.69
Mean            324.55   5.83      6.05  4.06   0.00     23.22
Std Dev         163.59   2.07      1.63  1.75   0.00      2.88

Error stats on boring_mask (centered): travel/solved vs travel
log               t   rmse  bin_rmse   mae     me  rms_trav
--------------  ---  -----  --------  ----  -----  --------
log-0046        385   3.34      4.32  2.25   0.00     20.57
log-0048        348   3.36      3.93  2.27  -0.00     22.44
log-0049        207   3.56      3.59  2.29  -0.00     24.23
log-0054        688   3.44      3.68  2.59   0.00     17.94
log-0055        233   4.33      4.24  3.07  -0.00     23.70
log-0056        285   3.67      3.93  2.63  -0.00     22.52
log-0058        392   3.31      3.59  2.43  -0.00     23.40
log-0063        124   3.47      3.58  2.65  -0.00     27.45
log-0071_183    434   2.74      2.92  2.00   0.00     22.61
log-0072_184    347   3.63      3.89  2.47   0.00     21.45
log-0073_185    301   5.71      5.48  4.33   0.00     19.37
log-0078-valid  135   7.39      6.20  5.58   0.00     27.76
log-0079        271   7.63      6.67  5.68   0.00     29.51
log-0080-valid  335   9.49      9.21  7.10  -0.00     29.27
log-0081        798  10.27      8.16  8.36   0.00     20.61
log103          419   7.10      7.31  4.29   0.00     22.78
log104          407   6.97      8.36  4.05   0.00     21.46
log106          160   4.07      4.63  2.58   0.00     23.57
log107          171   3.27      4.08  2.14   0.00     22.19
log109          187   3.98      4.95  2.69  -0.00     22.77
log110          175   4.89      5.09  3.21  -0.00     22.18
log112          338   5.31      5.88  3.53  -0.00     22.97

Median          318.00   4.03      4.47  2.67   0.00     22.69
Mean            324.55   5.04      5.17  3.55   0.00     23.22
Std Dev         163.59   2.12      1.74  1.68   0.00      2.88
