Experiment: method-comparison-harry
ID: 20260928T075226Z-method-comparison-harry
Created: 2026-09-28T08:52:26+01:00
Group: harry
Tags: none
Pipeline code: 023277aafea5
Experiment fingerprint: 4373db24c3bdad3b62959d977a91840ed26be5426d64166f5b0e6dcb48d17c71
Notes: (none)

======================== UNCENTERED ERRORS ========================

Cache duration summary
log       samples  dt_ms  total_s  active_s  active_%
--------  -------  -----  -------  --------  --------
log-0113    29498  10.00   294.98    262.71     89.06
log-0115    18835  10.00   188.35    181.69     96.46
log-0116    27283  10.00   272.83    198.05     72.59
log-0117    14148  10.00   141.48    128.40     90.75
log-0118    16328  10.00   163.28    114.79     70.30
log-0119    19584  10.00   195.84    150.36     76.78
log-0120     6011  10.00    60.11     52.91     88.02
log-0122    43803  10.00   438.03    344.65     78.68
log-0125    24913  10.00   249.13    205.54     82.50
log-0126    14241  10.00   142.41     59.80     41.99
log-0127    26922  10.00   269.22    112.86     41.92
log-0129    77819  10.00   778.19    446.17     57.33
log-0132    34660  10.00   346.60    296.59     85.57
log-0133    10539  10.00   105.39     94.70     89.86

Error stats on active_mask (raw): travel/mag_model vs travel
log         t   rmse  bin_rmse    mae      me  rms_trav
--------  ---  -----  --------  -----  ------  --------
log-0113  261  10.89     12.82   8.86   -8.28     26.08
log-0115  180  25.99     30.00  24.73  -24.73     24.36
log-0116  196   9.20      8.65   5.99   -4.94     32.31
log-0117  127   6.57      7.64   4.47   -4.03     25.49
log-0118  114  15.14     16.66  13.77  -13.61     36.98
log-0119  149   6.70      6.59   5.12    1.07     35.83
log-0120   51  19.87     20.02  18.56  -18.52     33.35
log-0122  343  24.38     24.78  21.73  -21.72     33.18
log-0125  204  29.51     31.43  28.37  -28.37     32.44
log-0126   59  26.16     29.04  25.11  -25.10     37.18
log-0127  111  10.19      8.63   8.32    6.58     36.32
log-0129  445  27.97     26.44  27.26   26.50     32.18
log-0132  295  20.10     18.44  16.69  -16.67     33.45
log-0133   93  13.53     14.89  11.91  -11.82     29.98

Median    164.50  17.51     17.55  15.23  -12.72     32.81
Mean      187.71  17.59     18.29  15.78  -10.26     32.08
Std Dev   109.65   7.95      8.53   8.29   14.26      4.06

Error stats on active_mask (raw): travel/solved vs travel
log         t   rmse  bin_rmse    mae      me  rms_trav
--------  ---  -----  --------  -----  ------  --------
log-0113  261  11.57     12.92  10.87  -10.82     26.08
log-0115  180   6.22      8.81   4.18   -2.53     24.36
log-0116  196  10.03      9.74   9.04    8.36     32.31
log-0117  127  11.52     12.07  11.03  -11.00     25.49
log-0118  114  15.31     13.82  14.33   14.28     36.98
log-0119  149   6.16      7.66   5.00   -3.02     35.83
log-0120   51   6.35      6.35   5.13   -4.42     33.35
log-0122  343  11.26      9.45  10.00    7.84     33.18
log-0125  204   9.14     11.01   7.81   -6.76     32.44
log-0126   59  55.72     52.65  55.27   55.26     37.18
log-0127  111  10.35     13.27   9.07   -8.77     36.32
log-0129  445   7.77      9.08   6.50   -6.15     32.18
log-0132  295  12.84     12.00  11.32  -11.23     33.45
log-0133   93  10.08      9.28   9.04    8.88     29.98

Median    164.50  10.22     10.37   9.05   -3.72     32.81
Mean      187.71  13.17     13.44  12.04    2.14     32.08
Std Dev   109.65  12.07     11.08  12.29   16.83      4.06

Error stats on active_mask (raw): travel/baseline/accel vs travel
log         t   rmse  bin_rmse    mae      me  rms_trav
--------  ---  -----  --------  -----  ------  --------
log-0113  261  59.52     72.28  56.51  -56.49     26.08
log-0115  180  60.50     71.84  58.01  -58.00     24.36
log-0116  196  65.07     75.79  59.91  -59.91     32.31
log-0117  127  59.82     75.23  57.61  -57.61     25.49
log-0118  114  75.83     86.81  70.17  -70.15     36.98
log-0119  149  67.36     79.56  62.12  -61.99     35.83
log-0120   51  68.35     72.73  64.25  -63.99     33.35
log-0122  343  66.37     81.51  60.89  -60.77     33.18
log-0125  204  66.48     81.41  61.57  -61.56     32.44
log-0126   59  65.31     75.18  58.82  -58.65     37.18
log-0127  111  66.18     77.44  59.91  -59.82     36.32
log-0129  445  69.28     86.50  64.02  -63.99     32.18
log-0132  295  68.00     92.32  62.00  -61.97     33.45
log-0133   93  69.19     75.54  65.47  -65.46     29.98

Median    164.50  66.43     76.62  61.23  -61.17     32.81
Mean      187.71  66.23     78.87  61.52  -61.45     32.08
Std Dev   109.65   4.14      5.95   3.49    3.48      4.06

Error stats on active_mask (raw): travel/oracle/mag_power vs travel
log         t  rmse  bin_rmse   mae     me  rms_trav
--------  ---  ----  --------  ----  -----  --------
log-0113  261  4.94      5.00  3.80  -0.03     26.08
log-0115  180  4.59      4.83  3.39   0.01     24.36
log-0116  196  5.43      5.25  4.11   0.02     32.31
log-0117  127  3.59      5.15  2.72  -0.02     25.49
log-0118  114  4.94      5.11  3.69  -0.00     36.98
log-0119  149  4.99      5.35  3.76  -0.01     35.83
log-0120   51  5.53      5.53  4.13  -0.11     33.35
log-0122  343  5.77      6.44  4.49  -0.02     33.18
log-0125  204  6.68      6.56  5.47  -0.01     32.44
log-0126   59  6.06      5.39  4.57  -0.02     37.18
log-0127  111  5.02      5.94  3.80  -0.03     36.32
log-0129  445  5.37      8.29  4.16  -0.00     32.18
log-0132  295  6.22      7.91  4.84  -0.02     33.45
log-0133   93  5.20      5.26  3.95  -0.04     29.98

Median    164.50  5.28      5.37  4.03  -0.02     32.81
Mean      187.71  5.31      5.86  4.06  -0.02     32.08
Std Dev   109.65  0.73      1.04  0.64   0.03      4.06

Error stats on active_mask (raw): travel/fusion1 vs travel
log         t   rmse  bin_rmse    mae      me  rms_trav
--------  ---  -----  --------  -----  ------  --------
log-0113  261  10.13     11.91   8.46   -7.86     26.08
log-0115  180  24.66     28.33  23.59  -23.59     24.36
log-0116  196   8.13      7.67   5.53   -4.32     32.31
log-0117  127   5.95      6.79   4.14   -3.66     25.49
log-0118  114  14.77     16.24  13.51  -13.37     36.98
log-0119  149   6.49      6.35   5.04    1.60     35.83
log-0120   51  18.44     18.38  17.42  -17.39     33.35
log-0122  343  22.50     23.25  20.26  -20.25     33.18
log-0125  204  28.49     30.58  27.48  -27.48     32.44
log-0126   59  25.30     28.33  24.26  -24.25     37.18
log-0127  111   9.99      8.39   8.26    6.85     36.32
log-0129  445  27.93     26.34  27.25   26.72     32.18
log-0132  295  18.90     17.44  15.84  -15.80     33.45
log-0133   93  12.70     13.86  11.40  -11.32     29.98

Median    164.50  16.61     16.84  14.68  -12.34     32.81
Mean      187.71  16.74     17.42  15.17   -9.58     32.08
Std Dev   109.65   7.77      8.38   8.06   13.99      4.06


======================== CENTERED ERRORS ========================

Cache duration summary
log       samples  dt_ms  total_s  active_s  active_%
--------  -------  -----  -------  --------  --------
log-0113    29498  10.00   294.98    262.71     89.06
log-0115    18835  10.00   188.35    181.69     96.46
log-0116    27283  10.00   272.83    198.05     72.59
log-0117    14148  10.00   141.48    128.40     90.75
log-0118    16328  10.00   163.28    114.79     70.30
log-0119    19584  10.00   195.84    150.36     76.78
log-0120     6011  10.00    60.11     52.91     88.02
log-0122    43803  10.00   438.03    344.65     78.68
log-0125    24913  10.00   249.13    205.54     82.50
log-0126    14241  10.00   142.41     59.80     41.99
log-0127    26922  10.00   269.22    112.86     41.92
log-0129    77819  10.00   778.19    446.17     57.33
log-0132    34660  10.00   346.60    296.59     85.57
log-0133    10539  10.00   105.39     94.70     89.86

Error stats on active_mask (centered): travel/mag_model vs travel
log         t   rmse  bin_rmse   mae  nrmse  rms_trav
--------  ---  -----  --------  ----  -----  --------
log-0113  261   7.07      7.82  4.72   0.27     26.08
log-0115  180   7.99      8.86  5.80   0.33     24.36
log-0116  196   7.76      7.18  5.38   0.24     32.31
log-0117  127   5.19      5.74  3.35   0.20     25.49
log-0118  114   6.64      6.98  5.20   0.18     36.98
log-0119  149   6.61      6.82  5.08   0.18     35.83
log-0120   51   7.20      7.44  5.21   0.22     33.35
log-0122  343  11.07      9.53  8.68   0.33     33.18
log-0125  204   8.12      7.49  6.19   0.25     32.44
log-0126   59   7.38      8.04  6.07   0.20     37.18
log-0127  111   7.78      7.78  5.36   0.21     36.32
log-0129  445   8.94      8.53  5.39   0.28     32.18
log-0132  295  11.23      9.97  8.68   0.34     33.45
log-0133   93   6.58      7.17  4.67   0.22     29.98

Median    164.50   7.57      7.64  5.37   0.23     32.81
Mean      187.71   7.82      7.81  5.70   0.25     32.08
Std Dev   109.65   1.61      1.08  1.39   0.05      4.06

Error stats on active_mask (centered): travel/solved vs travel
log         t  rmse  bin_rmse   mae  nrmse  rms_trav
--------  ---  ----  --------  ----  -----  --------
log-0113  261  4.10      4.39  3.26   0.16     26.08
log-0115  180  5.69      7.30  4.19   0.23     24.36
log-0116  196  5.55      5.10  4.20   0.17     32.31
log-0117  127  3.45      3.40  2.57   0.14     25.49
log-0118  114  5.53      5.77  4.37   0.15     36.98
log-0119  149  5.37      6.07  4.38   0.15     35.83
log-0120   51  4.56      4.67  3.51   0.14     33.35
log-0122  343  8.09      7.35  6.39   0.24     33.18
log-0125  204  6.15      6.44  5.02   0.19     32.44
log-0126   59  7.12      8.08  5.67   0.19     37.18
log-0127  111  5.49      6.89  4.42   0.15     36.32
log-0129  445  4.75      4.99  3.80   0.15     32.18
log-0132  295  6.22      4.95  4.83   0.19     33.45
log-0133   93  4.78      5.09  3.70   0.16     29.98

Median    164.50  5.51      5.44  4.28   0.16     32.81
Mean      187.71  5.49      5.75  4.31   0.17     32.08
Std Dev   109.65  1.15      1.28  0.94   0.03      4.06

Error stats on active_mask (centered): travel/baseline/accel vs travel
log         t   rmse  bin_rmse    mae  nrmse  rms_trav
--------  ---  -----  --------  -----  -----  --------
log-0113  261  18.74     28.87  13.80   0.72     26.08
log-0115  180  17.19     27.57  12.01   0.71     24.36
log-0116  196  25.40     31.90  19.84   0.79     32.31
log-0117  127  16.12     30.09  11.15   0.63     25.49
log-0118  114  28.80     36.10  21.60   0.78     36.98
log-0119  149  26.35     33.15  20.69   0.74     35.83
log-0120   51  24.03     27.38  18.43   0.72     33.35
log-0122  343  26.69     36.04  20.85   0.80     33.18
log-0125  204  25.10     34.32  19.51   0.77     32.44
log-0126   59  28.73     31.77  22.80   0.77     37.18
log-0127  111  28.31     32.00  22.17   0.78     36.32
log-0129  445  26.54     37.28  20.58   0.82     32.18
log-0132  295  27.98     44.91  21.71   0.84     33.45
log-0133   93  22.41     28.26  17.56   0.75     29.98

Median    164.50  25.88     31.95  20.21   0.77     32.81
Mean      187.71  24.46     32.83  18.76   0.76     32.08
Std Dev   109.65   4.12      4.58   3.66   0.05      4.06

Error stats on active_mask (centered): travel/oracle/mag_power vs travel
log         t  rmse  bin_rmse   mae  nrmse  rms_trav
--------  ---  ----  --------  ----  -----  --------
log-0113  261  4.94      5.00  3.79   0.19     26.08
log-0115  180  4.59      4.83  3.39   0.19     24.36
log-0116  196  5.43      5.25  4.11   0.17     32.31
log-0117  127  3.59      5.15  2.72   0.14     25.49
log-0118  114  4.94      5.11  3.69   0.13     36.98
log-0119  149  4.99      5.35  3.76   0.14     35.83
log-0120   51  5.53      5.52  4.13   0.17     33.35
log-0122  343  5.77      6.45  4.49   0.17     33.18
log-0125  204  6.68      6.56  5.47   0.21     32.44
log-0126   59  6.06      5.38  4.57   0.16     37.18
log-0127  111  5.02      5.94  3.80   0.14     36.32
log-0129  445  5.37      8.29  4.16   0.17     32.18
log-0132  295  6.22      7.92  4.84   0.19     33.45
log-0133   93  5.20      5.26  3.95   0.17     29.98

Median    164.50  5.28      5.37  4.03   0.17     32.81
Mean      187.71  5.31      5.86  4.06   0.17     32.08
Std Dev   109.65  0.73      1.04  0.64   0.02      4.06

Error stats on active_mask (centered): travel/fusion1 vs travel
log         t   rmse  bin_rmse   mae  nrmse  rms_trav
--------  ---  -----  --------  ----  -----  --------
log-0113  261   6.39      7.08  4.37   0.24     26.08
log-0115  180   7.18      8.48  4.96   0.29     24.36
log-0116  196   6.89      6.32  4.90   0.21     32.31
log-0117  127   4.69      5.06  3.04   0.18     25.49
log-0118  114   6.28      6.64  4.99   0.17     36.98
log-0119  149   6.29      6.67  4.98   0.18     35.83
log-0120   51   6.13      6.27  4.38   0.18     33.35
log-0122  343   9.80      8.58  7.52   0.30     33.18
log-0125  204   7.53      7.24  5.87   0.23     32.44
log-0126   59   7.22      8.09  5.93   0.19     37.18
log-0127  111   7.27      7.49  5.11   0.20     36.32
log-0129  445   8.13      7.78  5.14   0.25     32.18
log-0132  295  10.37      9.09  7.95   0.31     33.45
log-0133   93   5.76      6.27  4.30   0.19     29.98

Median    164.50   7.03      7.16  4.98   0.21     32.81
Mean      187.71   7.14      7.22  5.25   0.22     32.08
Std Dev   109.65   1.46      1.07  1.22   0.05      4.06
