Experiment: front_200hz_front_default_hybrid_2sboring_nb
ID: 20260918T193729Z-front-200hz-front-default-hybrid-2sboring-nb
Created: 2026-09-18T12:37:29-07:00
Group: front-default
Tags: none
Pipeline code: 593865ded5a4
Experiment fingerprint: 58cb1e074ef4f9c420b591fcc44f4233e9dc45aa4fb0404771306d7f5e2e1efd
Notes: (none)

======================== UNCENTERED ERRORS ========================

Cache duration summary
log                    samples  dt_ms  total_s  active_s  active_%
---------------------  -------  -----  -------  --------  --------
log-0046                 61344  10.00   613.44    402.05     65.54
log-0048                108107  10.00  1081.07    379.13     35.07
log-0049                 44189  10.00   441.89    199.91     45.24
log-0054                111816  10.00  1118.16    706.92     63.22
log-0055                 43808  10.00   438.08    236.95     54.09
log-0056                 61448  10.00   614.48    287.76     46.83
log-0058                 44381  10.00   443.81    400.31     90.20
log-0063                 40781  10.00   407.81    126.50     31.02
log-0071_183             65908  10.00   659.08    419.40     63.63
log-0072_184             58385  10.00   583.85    339.12     58.08
log-0073_185             39115  10.00   391.15    297.90     76.16
log-0078-valid           22949  10.00   229.49    141.99     61.87
log-0079                 46824  10.00   468.24    251.80     53.78
log-0080-valid           64718  10.00   647.18    335.31     51.81
log-0081                113665  10.00  1136.65    785.97     69.15
log-0098                 36717  10.00   367.17    230.80     62.86
log-0099                 65579  10.00   655.79    645.05     98.36
log-0113                 29498  10.00   294.98    246.66     83.62
log-0115                 18835  10.00   188.35    177.75     94.37
log-0116                 27283  10.00   272.83    185.11     67.85
log-0117                 14148  10.00   141.48    126.15     89.16
log-0118                 16328  10.00   163.28    113.54     69.54
log-0119                 19584  10.00   195.84    145.56     74.33
log-0120                  6011  10.00    60.11     52.85     87.92
log-0122                 43803  10.00   438.03    331.58     75.70
log-0125                 24913  10.00   249.13    196.22     78.76
log-0126                 14241  10.00   142.41     56.79     39.88
log-0127                 26922  10.00   269.22    106.19     39.44
log-0129                 77819  10.00   778.19    431.44     55.44
log-0132                 34660  10.00   346.60    285.22     82.29
log-0133                 10539  10.00   105.39     94.73     89.89
log-0145-filtered-c01    39029  10.00   390.29    361.66     92.66
log-0147-filtered-c01    20838  10.00   208.38     87.92     42.19
log-0147-filtered-c02    38239  10.00   382.39    336.52     88.00
log-0151-filtered-c01     9991  10.00    99.91     90.59     90.67
log-0152-filtered-c01    16176  10.00   161.76    159.74     98.75
log-0152-filtered-c02    10216  10.00   102.16     92.56     90.60
log-0155-filtered-c01    14580  10.00   145.80    135.49     92.93
log103                   72985  10.00   729.85    425.86     58.35
log104                   59770  10.00   597.70    424.99     71.10
log106                   19535  10.00   195.35    161.64     82.74
log107                   25307  10.00   253.07    183.87     72.66
log109                   21587  10.00   215.87    190.90     88.43
log110                   21450  10.00   214.50    177.33     82.67
log112                   63277  10.00   632.77    352.33     55.68

Error stats on active_mask (raw): travel/mag_model vs travel
log                      t   rmse  bin_rmse    mae      me  rms_trav
---------------------  ---  -----  --------  -----  ------  --------
log-0046               401  16.71     18.56  16.37  -16.37     20.21
log-0048               379   4.31      5.77   3.36   -2.20     22.36
log-0049               199  21.11     21.62  20.85  -20.84     22.35
log-0054               706   6.74      7.98   5.51   -5.44     17.59
log-0055               236   4.62      4.75   3.02   -0.65     23.23
log-0056               287   7.11      7.08   6.31    6.04     22.01
log-0058               400   4.56      5.03   2.97    1.36     23.54
log-0063               126  18.51     19.24  18.06  -18.06     25.95
log-0071_183           419   6.07      6.34   5.50    5.31     21.41
log-0072_184           339   5.99      6.99   4.69   -4.45     20.80
log-0073_185           297  20.73     21.42  20.33  -20.33     19.22
log-0078-valid         141  10.34      9.67   8.17    2.28     29.06
log-0079               251  36.66     37.26  36.06  -36.06     25.35
log-0080-valid         335  41.19     39.94  40.37   39.67     29.27
log-0081               785  18.25     16.26  12.72  -12.45     20.71
log-0098               230  10.22      9.32   7.41    1.51     26.60
log-0099               644  26.62     25.86  23.30  -23.29     19.76
log-0113               246  11.05     12.76   9.00   -8.44     26.26
log-0115               177  25.54     29.40  24.37  -24.37     23.66
log-0116               185   8.78      8.36   5.66   -4.60     31.02
log-0117               126   6.54      7.66   4.47   -4.03     25.57
log-0118               113  15.07     16.79  13.71  -13.55     36.55
log-0119               145   6.72      6.57   5.12    1.06     35.94
log-0120                52  19.93     20.19  18.63  -18.60     33.90
log-0122               331  23.70     24.44  21.18  -21.17     32.73
log-0125               196  29.73     31.35  28.61  -28.61     32.57
log-0126                56  26.52     29.98  25.53  -25.53     36.35
log-0127               106   9.96      8.73   8.11    6.53     35.22
log-0129               431  27.81     26.37  27.09   26.30     32.12
log-0132               285  19.69     18.53  16.29  -16.27     32.88
log-0133                94  13.48     14.87  11.86  -11.77     29.99
log-0145-filtered-c01  361   9.81      8.60   5.79   -4.19     17.76
log-0147-filtered-c01   87  35.38     35.94  34.89  -34.87     16.07
log-0147-filtered-c02  336  29.08     36.85  27.65   25.84     17.36
log-0151-filtered-c01   90  11.12     10.29   6.71   -5.85     19.35
log-0152-filtered-c01  159  22.00     24.01  21.50  -21.46     18.11
log-0152-filtered-c02   92  33.24     32.41  32.72  -32.69     14.22
log-0155-filtered-c01  135  36.77     38.53  36.42  -36.42     26.54
log103                 425  32.98     32.41  32.22  -32.13     22.94
log104                 424  31.88     32.36  31.12  -30.92     21.82
log106                 161  17.54     17.19  17.15  -17.13     22.35
log107                 183  19.50     18.66  19.19  -19.19     21.68
log109                 190  24.02     22.82  23.64  -23.64     22.17
log110                 177  23.58     23.21  23.00  -23.00     21.09
log112                 352  18.13     18.64  17.42  -17.11     23.10

Median                 230.00  18.51     18.64  17.42  -16.27     23.10
Mean                   264.22  18.87     19.36  17.42  -11.55     24.86
Std Dev                164.05  10.17     10.49  10.63   16.50      5.89

Error stats on active_mask (raw): travel/mag_model/adj vs travel
log                      t   rmse  bin_rmse    mae      me  rms_trav
---------------------  ---  -----  --------  -----  ------  --------
log-0046               401  16.71     18.56  16.37  -16.37     20.21
log-0048               379   4.31      5.77   3.36   -2.20     22.36
log-0049               199  21.11     21.62  20.85  -20.84     22.35
log-0054               706   6.74      7.98   5.51   -5.44     17.59
log-0055               236   4.62      4.75   3.02   -0.65     23.23
log-0056               287   7.11      7.08   6.31    6.04     22.01
log-0058               400   4.56      5.03   2.97    1.36     23.54
log-0063               126  18.51     19.24  18.06  -18.06     25.95
log-0071_183           419   6.07      6.34   5.50    5.31     21.41
log-0072_184           339   5.99      6.99   4.69   -4.45     20.80
log-0073_185           297  20.73     21.42  20.33  -20.33     19.22
log-0078-valid         141  10.34      9.67   8.17    2.28     29.06
log-0079               251  36.66     37.26  36.06  -36.06     25.35
log-0080-valid         335  41.19     39.94  40.37   39.67     29.27
log-0081               785  18.25     16.26  12.72  -12.45     20.71
log-0098               230  10.22      9.32   7.41    1.51     26.60
log-0099               644  26.62     25.86  23.30  -23.29     19.76
log-0113               246  11.05     12.76   9.00   -8.44     26.26
log-0115               177  25.54     29.40  24.37  -24.37     23.66
log-0116               185   8.78      8.36   5.66   -4.60     31.02
log-0117               126   6.54      7.66   4.47   -4.03     25.57
log-0118               113  15.07     16.79  13.71  -13.55     36.55
log-0119               145   6.72      6.57   5.12    1.06     35.94
log-0120                52  19.93     20.19  18.63  -18.60     33.90
log-0122               331  23.70     24.44  21.18  -21.17     32.73
log-0125               196  29.73     31.35  28.61  -28.61     32.57
log-0126                56  26.52     29.98  25.53  -25.53     36.35
log-0127               106   9.96      8.73   8.11    6.53     35.22
log-0129               431  27.81     26.37  27.09   26.30     32.12
log-0132               285  19.69     18.53  16.29  -16.27     32.88
log-0133                94  13.48     14.87  11.86  -11.77     29.99
log-0145-filtered-c01  361   9.81      8.60   5.79   -4.19     17.76
log-0147-filtered-c01   87  35.38     35.94  34.89  -34.87     16.07
log-0147-filtered-c02  336  29.08     36.85  27.65   25.84     17.36
log-0151-filtered-c01   90  11.12     10.29   6.71   -5.85     19.35
log-0152-filtered-c01  159  22.00     24.01  21.50  -21.46     18.11
log-0152-filtered-c02   92  33.24     32.41  32.72  -32.69     14.22
log-0155-filtered-c01  135  36.77     38.53  36.42  -36.42     26.54
log103                 425  32.98     32.41  32.22  -32.13     22.94
log104                 424  31.88     32.36  31.12  -30.92     21.82
log106                 161  17.54     17.19  17.15  -17.13     22.35
log107                 183  19.50     18.66  19.19  -19.19     21.68
log109                 190  24.02     22.82  23.64  -23.64     22.17
log110                 177  23.58     23.21  23.00  -23.00     21.09
log112                 352  18.13     18.64  17.42  -17.11     23.10

Median                 230.00  18.51     18.64  17.42  -16.27     23.10
Mean                   264.22  18.87     19.36  17.42  -11.55     24.86
Std Dev                164.05  10.17     10.49  10.63   16.50      5.89

Error stats on active_mask (raw): travel/solved vs travel
log                      t   rmse  bin_rmse    mae      me  rms_trav
---------------------  ---  -----  --------  -----  ------  --------
log-0046               401   4.09      5.16   3.50   -3.28     20.21
log-0048               379   3.06      3.58   2.22    1.08     22.36
log-0049               199   6.36      6.90   5.85   -5.74     22.35
log-0054               706   2.65      3.16   2.04   -0.97     17.59
log-0055               236   2.62      2.76   2.00   -0.44     23.23
log-0056               287   4.18      4.07   3.36    3.21     22.01
log-0058               400   2.76      2.94   1.99    0.62     23.54
log-0063               126   3.85      3.56   3.02    1.88     25.95
log-0071_183           419   5.90      5.68   5.60   -5.51     21.41
log-0072_184           339   3.46      3.42   2.75    2.49     20.80
log-0073_185           297   2.62      3.07   1.81   -1.17     19.22
log-0078-valid         141   6.38      5.82   4.71   -3.19     29.06
log-0079               251   6.13      5.66   5.13    3.96     25.35
log-0080-valid         335   9.26      9.85   7.86   -7.66     29.27
log-0081               785  10.00      9.24   8.70    3.27     20.71
log-0098               230   5.28      5.24   3.96    0.49     26.60
log-0099               644   8.83      7.68   7.62    2.69     19.76
log-0113               246  11.68     13.03  10.98  -10.92     26.26
log-0115               177   5.98      8.21   4.05   -2.38     23.66
log-0116               185  10.17      9.96   9.21    8.76     31.02
log-0117               126  11.53     12.11  11.03  -11.00     25.57
log-0118               113  15.35     13.45  14.38   14.32     36.55
log-0119               145   6.14      7.49   4.96   -3.02     35.94
log-0120                52   6.32      6.31   5.11   -4.41     33.90
log-0122               331  11.27      9.59   9.98    8.27     32.73
log-0125               196   9.23     10.83   7.94   -6.92     32.57
log-0126                56  55.31     51.35  54.87   54.87     36.35
log-0127               106  10.59     13.03   9.38   -9.09     35.22
log-0129               431   7.78      8.98   6.56   -6.26     32.12
log-0132               285  12.82     12.00  11.28  -11.19     32.88
log-0133                94  10.11      9.44   9.07    8.91     29.99
log-0145-filtered-c01  361  13.61     14.66  12.70   12.21     17.76
log-0147-filtered-c01   87  14.74     15.48  13.76  -13.34     16.07
log-0147-filtered-c02  336  27.86     35.10  26.79   26.72     17.36
log-0151-filtered-c01   90  11.78     13.35  10.18    9.63     19.35
log-0152-filtered-c01  159   7.72      9.63   6.63   -6.12     18.11
log-0152-filtered-c02   92  10.07      9.33   8.70   -8.27     14.22
log-0155-filtered-c01  135  13.89     15.78  13.02  -12.72     26.54
log103                 425   9.71     10.23   9.04   -8.31     22.94
log104                 424  20.73     22.60  20.12  -19.86     21.82
log106                 161   2.55      2.92   1.77   -0.53     22.35
log107                 183   2.91      4.46   1.95    0.84     21.68
log109                 190   7.09      6.75   6.57   -6.47     22.17
log110                 177   3.90      4.36   2.85   -2.10     21.09
log112                 352   9.53     10.39   8.78   -8.24     23.10

Median                 230.00   7.78      8.98   6.63   -2.10     23.10
Mean                   264.22   9.51      9.97   8.53   -0.33     24.86
Std Dev                164.05   8.53      8.51   8.58   11.72      5.89

Error stats on active_mask (raw): travel/solved/mag_nuisance/delta_lifted vs travel
log                      t   rmse  bin_rmse    mae      me  rms_trav
---------------------  ---  -----  --------  -----  ------  --------
log-0046               401  16.34     17.90  16.10  -16.10     20.21
log-0048               379   4.40      6.05   3.22   -2.43     22.36
log-0049               199  20.70     21.30  20.50  -20.50     22.35
log-0054               706   6.37      7.51   5.36   -5.34     17.59
log-0055               236   3.91      4.04   2.53   -0.55     23.23
log-0056               287   6.91      6.68   6.37    6.04     22.01
log-0058               400   4.11      4.32   2.86    1.16     23.54
log-0063               126  18.70     19.51  18.41  -18.41     25.95
log-0071_183           419   5.74      5.98   5.38    5.15     21.41
log-0072_184           339   5.18      5.86   4.29   -4.12     20.80
log-0073_185           297  20.22     20.73  19.96  -19.96     19.22
log-0078-valid         141   8.36      8.35   6.33    2.05     29.06
log-0079               251  36.56     37.30  36.23  -36.23     25.35
log-0080-valid         335  40.22     39.31  39.77   39.58     29.27
log-0081               785  15.72     14.38  11.89  -11.79     20.71
log-0098               230   5.96      5.77   4.43    1.32     26.60
log-0099               644  23.94     24.08  22.23  -22.23     19.76
log-0113               246   9.81     11.39   8.45   -8.23     26.26
log-0115               177  24.66     28.28  23.79  -23.79     23.66
log-0116               185   7.15      7.01   5.07   -4.19     31.02
log-0117               126   6.72      7.82   4.64   -4.24     25.57
log-0118               113  15.24     16.96  14.25  -14.12     36.55
log-0119               145   5.60      5.70   4.43    1.11     35.94
log-0120                52  18.40     18.58  17.61  -17.58     33.90
log-0122               331  22.05     23.16  20.36  -20.35     32.73
log-0125               196  28.64     30.57  27.88  -27.88     32.57
log-0126                56  25.95     29.41  25.16  -25.16     36.35
log-0127               106   8.93      7.98   7.55    6.75     35.22
log-0129               431  27.28     25.85  26.66   26.60     32.12
log-0132               285  18.11     17.33  15.66  -15.64     32.88
log-0133                94  12.31     13.39  11.35  -11.32     29.99
log-0145-filtered-c01  361   8.00      6.92   4.89   -3.36     17.76
log-0147-filtered-c01   87  35.33     36.14  34.87  -34.83     16.07
log-0147-filtered-c02  336  28.59     35.84  27.46   26.74     17.36
log-0151-filtered-c01   90  10.81     10.03   6.70   -5.66     19.35
log-0152-filtered-c01  159  21.71     23.70  21.28  -21.25     18.11
log-0152-filtered-c02   92  33.14     32.39  32.70  -32.68     14.22
log-0155-filtered-c01  135  37.69     39.27  37.35  -37.33     26.54
log103                 425  32.06     32.31  31.68  -31.67     22.94
log104                 424  30.07     31.86  29.62  -29.45     21.82
log106                 161  17.34     17.27  17.08  -17.08     22.35
log107                 183  19.45     19.03  19.23  -19.23     21.68
log109                 190  23.50     22.90  23.28  -23.28     22.17
log110                 177  22.82     23.01  22.58  -22.58     21.09
log112                 352  17.73     18.69  17.07  -16.96     23.10

Median                 230.00  18.11     18.58  17.08  -15.64     23.10
Mean                   264.22  18.05     18.71  16.99  -11.31     24.86
Std Dev                164.05  10.31     10.72  10.73   16.45      5.89

Error stats on active_mask (raw): travel/mag_nuisance/corrected vs travel
log                      t   rmse  bin_rmse    mae      me  rms_trav
---------------------  ---  -----  --------  -----  ------  --------
log-0046               401  16.55     18.68  16.23  -16.23     20.21
log-0048               379   4.43      5.95   3.22   -2.41     22.36
log-0049               199  20.80     21.43  20.57  -20.57     22.35
log-0054               706   6.51      7.84   5.41   -5.38     17.59
log-0055               236   4.17      4.35   2.64   -0.63     23.23
log-0056               287   7.04      6.85   6.43    5.93     22.01
log-0058               400   4.38      4.82   2.93    1.15     23.54
log-0063               126  18.63     19.43  18.30  -18.30     25.95
log-0071_183           419   5.89      6.23   5.47    5.12     21.41
log-0072_184           339   5.76      6.68   4.50   -4.32     20.80
log-0073_185           297  20.50     21.34  20.15  -20.15     19.22
log-0078-valid         141   8.38      8.47   6.36    2.01     29.06
log-0079               251  36.48     37.18  36.17  -36.17     25.35
log-0080-valid         335  40.15     39.26  39.66   39.65     29.27
log-0081               785  15.95     14.56  12.03  -11.91     20.71
log-0098               230   5.93      5.77   4.50    1.31     26.60
log-0099               644  24.16     24.33  22.40  -22.39     19.76
log-0113               246  10.04     11.73   8.55   -8.32     26.26
log-0115               177  25.11     28.97  24.12  -24.12     23.66
log-0116               185   7.40      7.15   5.15   -4.33     31.02
log-0117               126   7.08      8.34   4.78   -4.41     25.57
log-0118               113  15.36     17.09  14.33  -14.18     36.55
log-0119               145   5.70      5.81   4.49    1.00     35.94
log-0120                52  18.93     19.19  18.04  -18.01     33.90
log-0122               331  22.61     23.63  20.70  -20.69     32.73
log-0125               196  28.91     30.78  28.12  -28.12     32.57
log-0126                56  26.16     29.79  25.35  -25.34     36.35
log-0127               106   8.99      7.84   7.58    6.79     35.22
log-0129               431  27.23     25.84  26.60   26.53     32.12
log-0132               285  18.58     17.72  15.91  -15.89     32.88
log-0133                94  12.51     13.63  11.46  -11.39     29.99
log-0145-filtered-c01  361   9.22      8.06   5.61   -4.01     17.76
log-0147-filtered-c01   87  35.39     35.96  34.92  -34.90     16.07
log-0147-filtered-c02  336  29.12     36.89  27.73   25.95     17.36
log-0151-filtered-c01   90  11.44     10.57   6.92   -6.06     19.35
log-0152-filtered-c01  159  22.03     24.04  21.54  -21.50     18.11
log-0152-filtered-c02   92  33.30     32.46  32.78  -32.75     14.22
log-0155-filtered-c01  135  36.95     38.65  36.63  -36.63     26.54
log103                 425  32.21     32.43  31.82  -31.82     22.94
log104                 424  30.64     32.27  30.21  -30.18     21.82
log106                 161  17.53     17.49  17.22  -17.22     22.35
log107                 183  19.47     18.98  19.20  -19.20     21.68
log109                 190  23.72     22.96  23.45  -23.45     22.17
log110                 177  23.05     23.23  22.70  -22.70     21.09
log112                 352  17.99     18.76  17.29  -17.25     23.10

Median                 230.00  18.58     18.76  17.29  -15.89     23.10
Mean                   264.22  18.28     18.96  17.12  -11.46     24.86
Std Dev                164.05  10.24     10.65  10.70   16.43      5.89


======================== CENTERED ERRORS ========================

Cache duration summary
log                    samples  dt_ms  total_s  active_s  active_%
---------------------  -------  -----  -------  --------  --------
log-0046                 61344  10.00   613.44    402.05     65.54
log-0048                108107  10.00  1081.07    379.13     35.07
log-0049                 44189  10.00   441.89    199.91     45.24
log-0054                111816  10.00  1118.16    706.92     63.22
log-0055                 43808  10.00   438.08    236.95     54.09
log-0056                 61448  10.00   614.48    287.76     46.83
log-0058                 44381  10.00   443.81    400.31     90.20
log-0063                 40781  10.00   407.81    126.50     31.02
log-0071_183             65908  10.00   659.08    419.40     63.63
log-0072_184             58385  10.00   583.85    339.12     58.08
log-0073_185             39115  10.00   391.15    297.90     76.16
log-0078-valid           22949  10.00   229.49    141.99     61.87
log-0079                 46824  10.00   468.24    251.80     53.78
log-0080-valid           64718  10.00   647.18    335.31     51.81
log-0081                113665  10.00  1136.65    785.97     69.15
log-0098                 36717  10.00   367.17    230.80     62.86
log-0099                 65579  10.00   655.79    645.05     98.36
log-0113                 29498  10.00   294.98    246.66     83.62
log-0115                 18835  10.00   188.35    177.75     94.37
log-0116                 27283  10.00   272.83    185.11     67.85
log-0117                 14148  10.00   141.48    126.15     89.16
log-0118                 16328  10.00   163.28    113.54     69.54
log-0119                 19584  10.00   195.84    145.56     74.33
log-0120                  6011  10.00    60.11     52.85     87.92
log-0122                 43803  10.00   438.03    331.58     75.70
log-0125                 24913  10.00   249.13    196.22     78.76
log-0126                 14241  10.00   142.41     56.79     39.88
log-0127                 26922  10.00   269.22    106.19     39.44
log-0129                 77819  10.00   778.19    431.44     55.44
log-0132                 34660  10.00   346.60    285.22     82.29
log-0133                 10539  10.00   105.39     94.73     89.89
log-0145-filtered-c01    39029  10.00   390.29    361.66     92.66
log-0147-filtered-c01    20838  10.00   208.38     87.92     42.19
log-0147-filtered-c02    38239  10.00   382.39    336.52     88.00
log-0151-filtered-c01     9991  10.00    99.91     90.59     90.67
log-0152-filtered-c01    16176  10.00   161.76    159.74     98.75
log-0152-filtered-c02    10216  10.00   102.16     92.56     90.60
log-0155-filtered-c01    14580  10.00   145.80    135.49     92.93
log103                   72985  10.00   729.85    425.86     58.35
log104                   59770  10.00   597.70    424.99     71.10
log106                   19535  10.00   195.35    161.64     82.74
log107                   25307  10.00   253.07    183.87     72.66
log109                   21587  10.00   215.87    190.90     88.43
log110                   21450  10.00   214.50    177.33     82.67
log112                   63277  10.00   632.77    352.33     55.68

Error stats on active_mask (centered): travel/mag_model vs travel
log                      t   rmse  bin_rmse    mae  nrmse  rms_trav
---------------------  ---  -----  --------  -----  -----  --------
log-0046               401   3.34      4.74   2.15   0.17     20.21
log-0048               379   3.70      4.64   2.43   0.17     22.36
log-0049               199   3.34      3.63   2.16   0.15     22.35
log-0054               706   3.98      5.00   2.70   0.23     17.59
log-0055               236   4.58      4.70   3.01   0.20     23.23
log-0056               287   3.76      4.17   2.46   0.17     22.01
log-0058               400   4.35      5.01   2.70   0.18     23.54
log-0063               126   4.05      4.25   2.85   0.16     25.95
log-0071_183           419   2.93      3.19   1.81   0.14     21.41
log-0072_184           339   4.00      4.71   2.38   0.19     20.80
log-0073_185           297   4.04      4.85   2.67   0.21     19.22
log-0078-valid         141  10.09      9.11   7.34   0.35     29.06
log-0079               251   6.59      5.85   5.06   0.26     25.35
log-0080-valid         335  11.08     10.14   6.86   0.38     29.27
log-0081               785  13.35     11.80  10.39   0.64     20.71
log-0098               230  10.11      9.38   7.00   0.38     26.60
log-0099               644  12.89     10.50  10.59   0.65     19.76
log-0113               246   7.13      7.58   4.78   0.27     26.26
log-0115               177   7.64      8.82   5.44   0.32     23.66
log-0116               185   7.48      7.06   5.02   0.24     31.02
log-0117               126   5.15      5.68   3.35   0.20     25.57
log-0118               113   6.60      6.85   5.16   0.18     36.55
log-0119               145   6.64      6.78   5.08   0.18     35.94
log-0120                52   7.15      7.22   5.20   0.21     33.90
log-0122               331  10.65      9.45   8.17   0.33     32.73
log-0125               196   8.08      7.37   6.09   0.25     32.57
log-0126                56   7.19      8.51   5.90   0.20     36.35
log-0127               106   7.52      7.76   5.24   0.21     35.22
log-0129               431   9.05      8.79   5.43   0.28     32.12
log-0132               285  11.09     10.05   8.39   0.34     32.88
log-0133                94   6.57      7.28   4.67   0.22     29.99
log-0145-filtered-c01  361   8.87      8.44   6.47   0.50     17.76
log-0147-filtered-c01   87   5.97      5.51   4.64   0.37     16.07
log-0147-filtered-c02  336  13.33     17.86   7.56   0.77     17.36
log-0151-filtered-c01   90   9.46      9.74   5.59   0.49     19.35
log-0152-filtered-c01  159   4.84      5.23   3.48   0.27     18.11
log-0152-filtered-c02   92   6.02      5.47   4.89   0.42     14.22
log-0155-filtered-c01  135   5.08      5.33   4.09   0.19     26.54
log103                 425   7.43      8.47   4.43   0.32     22.94
log104                 424   7.74      9.66   4.22   0.35     21.82
log106                 161   3.79      4.46   2.24   0.17     22.35
log107                 183   3.47      4.93   2.10   0.16     21.68
log109                 190   4.25      5.35   2.75   0.19     22.17
log110                 177   5.22      5.91   3.23   0.25     21.09
log112                 352   6.00      6.76   3.95   0.26     23.10

Median                 230.00   6.59      6.78   4.67   0.24     23.10
Mean                   264.22   6.79      7.07   4.71   0.28     24.86
Std Dev                164.05   2.82      2.67   2.14   0.14      5.89

Error stats on active_mask (centered): travel/mag_model/adj vs travel
log                      t   rmse  bin_rmse    mae  nrmse  rms_trav
---------------------  ---  -----  --------  -----  -----  --------
log-0046               401   3.34      4.74   2.15   0.17     20.21
log-0048               379   3.70      4.64   2.43   0.17     22.36
log-0049               199   3.34      3.63   2.16   0.15     22.35
log-0054               706   3.98      5.00   2.70   0.23     17.59
log-0055               236   4.58      4.70   3.01   0.20     23.23
log-0056               287   3.76      4.17   2.46   0.17     22.01
log-0058               400   4.35      5.01   2.70   0.18     23.54
log-0063               126   4.05      4.25   2.85   0.16     25.95
log-0071_183           419   2.93      3.19   1.81   0.14     21.41
log-0072_184           339   4.00      4.71   2.38   0.19     20.80
log-0073_185           297   4.04      4.85   2.67   0.21     19.22
log-0078-valid         141  10.09      9.11   7.34   0.35     29.06
log-0079               251   6.59      5.85   5.06   0.26     25.35
log-0080-valid         335  11.08     10.14   6.86   0.38     29.27
log-0081               785  13.35     11.80  10.39   0.64     20.71
log-0098               230  10.11      9.38   7.00   0.38     26.60
log-0099               644  12.89     10.50  10.59   0.65     19.76
log-0113               246   7.13      7.58   4.78   0.27     26.26
log-0115               177   7.64      8.82   5.44   0.32     23.66
log-0116               185   7.48      7.06   5.02   0.24     31.02
log-0117               126   5.15      5.68   3.35   0.20     25.57
log-0118               113   6.60      6.85   5.16   0.18     36.55
log-0119               145   6.64      6.78   5.08   0.18     35.94
log-0120                52   7.15      7.22   5.20   0.21     33.90
log-0122               331  10.65      9.45   8.17   0.33     32.73
log-0125               196   8.08      7.37   6.09   0.25     32.57
log-0126                56   7.19      8.51   5.90   0.20     36.35
log-0127               106   7.52      7.76   5.24   0.21     35.22
log-0129               431   9.05      8.79   5.43   0.28     32.12
log-0132               285  11.09     10.05   8.39   0.34     32.88
log-0133                94   6.57      7.28   4.67   0.22     29.99
log-0145-filtered-c01  361   8.87      8.44   6.47   0.50     17.76
log-0147-filtered-c01   87   5.97      5.51   4.64   0.37     16.07
log-0147-filtered-c02  336  13.33     17.86   7.56   0.77     17.36
log-0151-filtered-c01   90   9.46      9.74   5.59   0.49     19.35
log-0152-filtered-c01  159   4.84      5.23   3.48   0.27     18.11
log-0152-filtered-c02   92   6.02      5.47   4.89   0.42     14.22
log-0155-filtered-c01  135   5.08      5.33   4.09   0.19     26.54
log103                 425   7.43      8.47   4.43   0.32     22.94
log104                 424   7.74      9.66   4.22   0.35     21.82
log106                 161   3.79      4.46   2.24   0.17     22.35
log107                 183   3.47      4.93   2.10   0.16     21.68
log109                 190   4.25      5.35   2.75   0.19     22.17
log110                 177   5.22      5.91   3.23   0.25     21.09
log112                 352   6.00      6.76   3.95   0.26     23.10

Median                 230.00   6.59      6.78   4.67   0.24     23.10
Mean                   264.22   6.79      7.07   4.71   0.28     24.86
Std Dev                164.05   2.82      2.67   2.14   0.14      5.89

Error stats on active_mask (centered): travel/solved vs travel
log                      t  rmse  bin_rmse   mae  nrmse  rms_trav
---------------------  ---  ----  --------  ----  -----  --------
log-0046               401  2.45      3.20  1.82   0.12     20.21
log-0048               379  2.86      3.92  2.11   0.13     22.36
log-0049               199  2.75      2.95  1.84   0.12     22.35
log-0054               706  2.47      2.87  1.87   0.14     17.59
log-0055               236  2.59      2.71  1.96   0.11     23.23
log-0056               287  2.68      2.92  2.01   0.12     22.01
log-0058               400  2.69      2.98  1.98   0.11     23.54
log-0063               126  3.35      3.48  2.53   0.13     25.95
log-0071_183           419  2.10      2.27  1.52   0.10     21.41
log-0072_184           339  2.39      2.76  1.70   0.12     20.80
log-0073_185           297  2.35      2.78  1.52   0.12     19.22
log-0078-valid         141  5.52      5.54  4.36   0.19     29.06
log-0079               251  4.68      4.73  3.66   0.18     25.35
log-0080-valid         335  5.21      4.99  4.05   0.18     29.27
log-0081               785  9.45      8.13  7.65   0.46     20.71
log-0098               230  5.25      5.30  3.88   0.20     26.60
log-0099               644  8.41      7.38  7.03   0.43     19.76
log-0113               246  4.14      4.29  3.28   0.16     26.26
log-0115               177  5.49      6.90  4.03   0.23     23.66
log-0116               185  5.16      4.79  3.87   0.17     31.02
log-0117               126  3.46      3.39  2.59   0.14     25.57
log-0118               113  5.53      6.05  4.36   0.15     36.55
log-0119               145  5.34      5.94  4.35   0.15     35.94
log-0120                52  4.52      4.44  3.47   0.13     33.90
log-0122               331  7.65      7.21  6.04   0.23     32.73
log-0125               196  6.11      6.28  4.93   0.19     32.57
log-0126                56  7.02      9.77  5.55   0.19     36.35
log-0127               106  5.42      6.61  4.33   0.15     35.22
log-0129               431  4.62      4.79  3.68   0.14     32.12
log-0132               285  6.26      5.01  4.85   0.19     32.88
log-0133                94  4.78      5.09  3.70   0.16     29.99
log-0145-filtered-c01  361  6.00      5.69  4.52   0.34     17.76
log-0147-filtered-c01   87  6.28      6.14  4.66   0.39     16.07
log-0147-filtered-c02  336  7.87     13.23  5.46   0.45     17.36
log-0151-filtered-c01   90  6.78      7.34  4.23   0.35     19.35
log-0152-filtered-c01  159  4.71      5.59  3.47   0.26     18.11
log-0152-filtered-c02   92  5.75      5.28  4.67   0.40     14.22
log-0155-filtered-c01  135  5.57      6.04  4.09   0.21     26.54
log103                 425  5.02      5.63  3.39   0.22     22.94
log104                 424  5.95      7.99  3.67   0.27     21.82
log106                 161  2.49      2.93  1.69   0.11     22.35
log107                 183  2.79      4.20  1.77   0.13     21.68
log109                 190  2.89      4.08  2.05   0.13     22.17
log110                 177  3.29      3.89  2.13   0.16     21.09
log112                 352  4.80      5.42  3.48   0.21     23.10

Median                 230.00  4.80      5.01  3.67   0.16     23.10
Mean                   264.22  4.73      5.18  3.55   0.20     24.86
Std Dev                164.05  1.80      2.08  1.47   0.10      5.89

Error stats on active_mask (centered): travel/solved/mag_nuisance/delta_lifted vs travel
log                      t   rmse  bin_rmse   mae  nrmse  rms_trav
---------------------  ---  -----  --------  ----  -----  --------
log-0046               401   2.84      3.87  2.00   0.14     20.21
log-0048               379   3.67      4.65  2.45   0.16     22.36
log-0049               199   2.90      3.13  1.97   0.13     22.35
log-0054               706   3.48      4.38  2.26   0.20     17.59
log-0055               236   3.87      3.99  2.57   0.17     23.23
log-0056               287   3.37      3.77  2.24   0.15     22.01
log-0058               400   3.94      4.37  2.51   0.17     23.54
log-0063               126   3.31      3.43  2.52   0.13     25.95
log-0071_183           419   2.55      2.88  1.65   0.12     21.41
log-0072_184           339   3.14      3.57  2.01   0.15     20.80
log-0073_185           297   3.19      3.84  2.16   0.17     19.22
log-0078-valid         141   8.11      7.75  5.59   0.28     29.06
log-0079               251   4.83      4.85  3.75   0.19     25.35
log-0080-valid         335   7.14      6.65  4.66   0.24     29.27
log-0081               785  10.40      9.55  8.24   0.50     20.71
log-0098               230   5.81      5.82  4.14   0.22     26.60
log-0099               644   8.88      7.87  7.34   0.45     19.76
log-0113               246   5.34      5.56  3.76   0.20     26.26
log-0115               177   6.51      8.01  4.72   0.28     23.66
log-0116               185   5.79      5.53  4.15   0.19     31.02
log-0117               126   5.22      5.78  3.33   0.20     25.57
log-0118               113   5.74      5.93  4.49   0.16     36.55
log-0119               145   5.49      5.95  4.36   0.15     35.94
log-0120                52   5.44      5.48  4.12   0.16     33.90
log-0122               331   8.48      7.74  6.66   0.26     32.73
log-0125               196   6.56      6.42  5.15   0.20     32.57
log-0126                56   6.34      7.80  5.29   0.17     36.35
log-0127               106   5.84      6.99  4.53   0.17     35.22
log-0129               431   6.05      5.89  4.38   0.19     32.12
log-0132               285   9.14      8.42  7.07   0.28     32.88
log-0133                94   4.85      5.23  3.73   0.16     29.99
log-0145-filtered-c01  361   7.26      6.84  5.32   0.41     17.76
log-0147-filtered-c01   87   5.90      5.69  4.43   0.37     16.07
log-0147-filtered-c02  336  10.13     14.96  6.38   0.58     17.36
log-0151-filtered-c01   90   9.21      9.41  5.41   0.48     19.35
log-0152-filtered-c01  159   4.45      5.07  3.34   0.25     18.11
log-0152-filtered-c02   92   5.53      5.14  4.47   0.39     14.22
log-0155-filtered-c01  135   5.22      5.42  3.82   0.20     26.54
log103                 425   4.99      5.52  3.32   0.22     22.94
log104                 424   6.03      8.04  3.43   0.28     21.82
log106                 161   3.02      3.61  1.91   0.14     22.35
log107                 183   2.95      4.41  1.94   0.14     21.68
log109                 190   3.24      4.52  2.23   0.15     22.17
log110                 177   3.29      3.79  2.24   0.16     21.09
log112                 352   5.16      5.96  3.55   0.22     23.10

Median                 230.00   5.34      5.53  3.76   0.19     23.10
Mean                   264.22   5.44      5.85  3.90   0.23     24.86
Std Dev                164.05   2.05      2.15  1.60   0.11      5.89

Error stats on active_mask (centered): travel/mag_nuisance/corrected vs travel
log                      t   rmse  bin_rmse   mae  nrmse  rms_trav
---------------------  ---  -----  --------  ----  -----  --------
log-0046               401   3.23      4.73  2.14   0.16     20.21
log-0048               379   3.72      4.57  2.44   0.17     22.36
log-0049               199   3.08      3.33  2.06   0.14     22.35
log-0054               706   3.67      4.77  2.33   0.21     17.59
log-0055               236   4.12      4.28  2.69   0.18     23.23
log-0056               287   3.79      4.27  2.39   0.17     22.01
log-0058               400   4.23      4.89  2.58   0.18     23.54
log-0063               126   3.49      3.61  2.61   0.13     25.95
log-0071_183           419   2.91      3.42  1.74   0.14     21.41
log-0072_184           339   3.81      4.43  2.27   0.18     20.80
log-0073_185           297   3.72      4.66  2.46   0.19     19.22
log-0078-valid         141   8.14      7.88  5.64   0.28     29.06
log-0079               251   4.78      4.83  3.74   0.19     25.35
log-0080-valid         335   6.34      6.15  4.58   0.22     29.27
log-0081               785  10.60      9.83  8.38   0.51     20.71
log-0098               230   5.78      5.82  4.20   0.22     26.60
log-0099               644   9.07      7.99  7.50   0.46     19.76
log-0113               246   5.63      5.91  3.93   0.21     26.26
log-0115               177   6.96      8.31  5.10   0.29     23.66
log-0116               185   5.99      5.72  4.27   0.19     31.02
log-0117               126   5.54      6.23  3.51   0.22     25.57
log-0118               113   5.91      6.05  4.58   0.16     36.55
log-0119               145   5.61      6.03  4.42   0.16     35.94
log-0120                52   5.86      5.94  4.46   0.17     33.90
log-0122               331   9.10      8.18  7.24   0.28     32.73
log-0125               196   6.71      6.39  5.25   0.21     32.57
log-0126                56   6.52      8.20  5.39   0.18     36.35
log-0127               106   5.89      6.63  4.60   0.17     35.22
log-0129               431   6.16      6.03  4.47   0.19     32.12
log-0132               285   9.61      8.91  7.45   0.29     32.88
log-0133                94   5.15      5.51  3.93   0.17     29.99
log-0145-filtered-c01  361   8.30      7.93  6.20   0.47     17.76
log-0147-filtered-c01   87   5.91      5.45  4.59   0.37     16.07
log-0147-filtered-c02  336  13.23     17.75  7.42   0.76     17.36
log-0151-filtered-c01   90   9.70      9.98  5.89   0.50     19.35
log-0152-filtered-c01  159   4.79      5.17  3.46   0.26     18.11
log-0152-filtered-c02   92   5.99      5.46  4.87   0.42     14.22
log-0155-filtered-c01  135   4.89      5.14  3.96   0.18     26.54
log103                 425   5.02      6.10  3.38   0.22     22.94
log104                 424   5.30      7.29  3.27   0.24     21.82
log106                 161   3.32      4.10  2.08   0.15     22.35
log107                 183   3.25      4.82  2.01   0.15     21.68
log109                 190   3.57      4.92  2.36   0.16     22.17
log110                 177   4.02      4.68  2.56   0.19     21.09
log112                 352   5.08      5.64  3.52   0.22     23.10

Median                 230.00   5.54      5.72  3.93   0.19     23.10
Mean                   264.22   5.72      6.18  4.09   0.24     24.86
Std Dev                164.05   2.23      2.37  1.69   0.13      5.89
