Experiment: front_200hz_front_default
ID: 20260917T194726Z-front-200hz-front-default
Created: 2026-09-17T12:47:26-07:00
Group: front-default
Tags: none
Pipeline code: 90da5136e9fa
Experiment fingerprint: 9e4aad80394535173215512dd0524ab0c2b1de63395e1e1496096bb7a72c81ca
Notes: (none)

======================== UNCENTERED ERRORS ========================

Cache duration summary
log                    samples  dt_ms  total_s  active_s  active_%
---------------------  -------  -----  -------  --------  --------
log-0046                 61344  10.00   613.44    405.16     66.05
log-0048                108107  10.00  1081.07    387.68     35.86
log-0049                 44189  10.00   441.89    204.94     46.38
log-0054                111816  10.00  1118.16    714.75     63.92
log-0055                 43808  10.00   438.08    239.29     54.62
log-0056                 61448  10.00   614.48    290.12     47.21
log-0058                 44381  10.00   443.81    402.44     90.68
log-0063                 40781  10.00   407.81    131.29     32.19
log-0071_183             65908  10.00   659.08    422.02     64.03
log-0072_184             58385  10.00   583.85    341.72     58.53
log-0073_185             39115  10.00   391.15    301.33     77.04
log-0078-valid           22949  10.00   229.49    142.05     61.90
log-0079                 46824  10.00   468.24    255.37     54.54
log-0080-valid           64718  10.00   647.18    338.74     52.34
log-0081                113665  10.00  1136.65    796.62     70.08
log-0098                 36717  10.00   367.17    232.44     63.31
log-0099                 65579  10.00   655.79    645.66     98.46
log-0113                 29498  10.00   294.98    248.85     84.36
log-0115                 18835  10.00   188.35    178.39     94.71
log-0116                 27283  10.00   272.83    189.81     69.57
log-0117                 14148  10.00   141.48    126.97     89.74
log-0118                 16328  10.00   163.28    113.96     69.79
log-0119                 19584  10.00   195.84    146.62     74.87
log-0120                  6011  10.00    60.11     53.23     88.55
log-0122                 43803  10.00   438.03    334.77     76.43
log-0125                 24913  10.00   249.13    198.23     79.57
log-0126                 14241  10.00   142.41     58.18     40.85
log-0127                 26922  10.00   269.22    107.62     39.97
log-0129                 77819  10.00   778.19    434.96     55.89
log-0132                 34660  10.00   346.60    287.24     82.87
log-0133                 10539  10.00   105.39     94.93     90.07
log-0145-filtered-c01    39029  10.00   390.29    362.86     92.97
log-0147-filtered-c01    20838  10.00   208.38     88.48     42.46
log-0147-filtered-c02    38239  10.00   382.39    336.72     88.06
log-0151-filtered-c01     9991  10.00    99.91     91.08     91.16
log-0152-filtered-c01    16176  10.00   161.76    161.76    100.00
log-0152-filtered-c02    10216  10.00   102.16     92.97     91.00
log-0155-filtered-c01    14580  10.00   145.80    136.10     93.35
log103                   72985  10.00   729.85    432.17     59.21
log104                   59770  10.00   597.70    431.20     72.14
log106                   19535  10.00   195.35    163.51     83.70
log107                   25307  10.00   253.07    185.15     73.16
log109                   21587  10.00   215.87    192.35     89.10
log110                   21450  10.00   214.50    179.62     83.74
log112                   63277  10.00   632.77    357.33     56.47

Error stats on active_mask (raw): travel/mag_model vs travel
log                      t   rmse  bin_rmse    mae      me  rms_trav
---------------------  ---  -----  --------  -----  ------  --------
log-0046               405  16.82     18.58  16.43  -16.43     20.40
log-0048               387   4.55      5.84   3.49   -2.20     22.63
log-0049               204  21.19     21.79  20.89  -20.89     22.73
log-0054               714   6.81      7.69   5.55   -5.45     17.71
log-0055               239   4.65      4.72   3.13   -0.53     23.35
log-0056               290   7.25      7.19   6.38    6.07     22.20
log-0058               402   4.92      5.36   3.24    1.29     23.76
log-0063               131  18.64     19.32  18.15  -18.15     26.75
log-0071_183           422   6.18      6.26   5.54    5.29     21.58
log-0072_184           341   6.16      6.98   4.79   -4.48     20.97
log-0073_185           301  20.79     21.79  20.37  -20.37     19.25
log-0078-valid         142  10.73     10.15   8.85    3.59     29.02
log-0079               255  36.62     37.46  36.01  -36.01     25.44
log-0080-valid         338  41.25     40.46  40.40   39.67     29.43
log-0081               796  18.26     16.36  12.74  -12.43     20.74
log-0098               232  10.28      9.40   7.51    1.56     26.76
log-0099               645  26.62     26.03  23.30  -23.29     19.79
log-0113               248  11.09     13.20   9.03   -8.44     26.27
log-0115               178  25.65     29.31  24.44  -24.44     23.76
log-0116               189   8.94      8.93   5.83   -4.70     31.43
log-0117               126   6.95      8.37   4.64   -4.12     25.73
log-0118               113  15.15     16.06  13.72  -13.57     36.77
log-0119               146   6.94      6.78   5.33    1.05     36.16
log-0120                53  19.99     20.43  18.65  -18.62     34.04
log-0122               334  23.80     24.37  21.25  -21.24     32.82
log-0125               198  29.70     30.83  28.56  -28.56     32.62
log-0126                58  26.42     28.35  25.34  -25.34     36.45
log-0127               107  10.26      9.53   8.34    6.50     35.46
log-0129               434  27.85     27.28  27.10   26.29     32.30
log-0132               287  19.77     20.35  16.34  -16.32     32.96
log-0133                94  13.39     14.71  11.62  -11.49     30.10
log-0145-filtered-c01  362   9.87      8.07   5.87   -4.28     17.79
log-0147-filtered-c01   88  35.34     35.55  34.85  -34.82     16.17
log-0147-filtered-c02  336  28.94     35.19  27.50   25.85     17.33
log-0151-filtered-c01   91  11.16     10.13   6.78   -5.87     19.40
log-0152-filtered-c01  161  21.99     24.87  21.49  -21.45     18.03
log-0152-filtered-c02   92  33.22     32.50  32.69  -32.66     14.31
log-0155-filtered-c01  136  36.59     38.21  36.21  -36.21     26.60
log103                 432  32.93     32.66  32.11  -32.02     23.14
log104                 431  31.86     32.51  31.05  -30.86     21.94
log106                 163  17.58     18.07  17.13  -17.11     22.62
log107                 185  19.58     19.26  19.22  -19.22     21.66
log109                 192  24.09     23.18  23.66  -23.66     22.33
log110                 179  23.59     23.71  22.96  -22.96     21.28
log112                 357  18.12     18.91  17.32  -16.98     23.35

Median                 232.00  18.64     19.26  17.32  -16.32     23.35
Mean                   266.98  18.94     19.48  17.46  -11.51     25.01
Std Dev                165.65  10.09     10.38  10.55   16.50      5.92

Error stats on active_mask (raw): travel/mag_model/adj vs travel
log                      t   rmse  bin_rmse    mae      me  rms_trav
---------------------  ---  -----  --------  -----  ------  --------
log-0046               405  16.82     18.58  16.43  -16.43     20.40
log-0048               387   4.55      5.84   3.49   -2.20     22.63
log-0049               204  21.19     21.79  20.89  -20.89     22.73
log-0054               714   6.81      7.69   5.55   -5.45     17.71
log-0055               239   4.65      4.72   3.13   -0.53     23.35
log-0056               290   7.25      7.19   6.38    6.07     22.20
log-0058               402   4.92      5.36   3.24    1.29     23.76
log-0063               131  18.64     19.32  18.15  -18.15     26.75
log-0071_183           422   6.18      6.26   5.54    5.29     21.58
log-0072_184           341   6.16      6.98   4.79   -4.48     20.97
log-0073_185           301  20.79     21.79  20.37  -20.37     19.25
log-0078-valid         142  10.73     10.15   8.85    3.59     29.02
log-0079               255  36.62     37.46  36.01  -36.01     25.44
log-0080-valid         338  41.25     40.46  40.40   39.67     29.43
log-0081               796  18.26     16.36  12.74  -12.43     20.74
log-0098               232  10.28      9.40   7.51    1.56     26.76
log-0099               645  26.62     26.03  23.30  -23.29     19.79
log-0113               248  11.09     13.20   9.03   -8.44     26.27
log-0115               178  25.65     29.31  24.44  -24.44     23.76
log-0116               189   8.94      8.93   5.83   -4.70     31.43
log-0117               126   6.95      8.37   4.64   -4.12     25.73
log-0118               113  15.15     16.06  13.72  -13.57     36.77
log-0119               146   6.94      6.78   5.33    1.05     36.16
log-0120                53  19.99     20.43  18.65  -18.62     34.04
log-0122               334  23.80     24.37  21.25  -21.24     32.82
log-0125               198  29.70     30.83  28.56  -28.56     32.62
log-0126                58  26.42     28.35  25.34  -25.34     36.45
log-0127               107  10.26      9.53   8.34    6.50     35.46
log-0129               434  27.85     27.28  27.10   26.29     32.30
log-0132               287  19.77     20.35  16.34  -16.32     32.96
log-0133                94  13.39     14.71  11.62  -11.49     30.10
log-0145-filtered-c01  362   9.87      8.07   5.87   -4.28     17.79
log-0147-filtered-c01   88  35.34     35.55  34.85  -34.82     16.17
log-0147-filtered-c02  336  28.94     35.19  27.50   25.85     17.33
log-0151-filtered-c01   91  11.16     10.13   6.78   -5.87     19.40
log-0152-filtered-c01  161  21.99     24.87  21.49  -21.45     18.03
log-0152-filtered-c02   92  33.22     32.50  32.69  -32.66     14.31
log-0155-filtered-c01  136  36.59     38.21  36.21  -36.21     26.60
log103                 432  32.93     32.66  32.11  -32.02     23.14
log104                 431  31.86     32.51  31.05  -30.86     21.94
log106                 163  17.58     18.07  17.13  -17.11     22.62
log107                 185  19.58     19.26  19.22  -19.22     21.66
log109                 192  24.09     23.18  23.66  -23.66     22.33
log110                 179  23.59     23.71  22.96  -22.96     21.28
log112                 357  18.12     18.91  17.32  -16.98     23.35

Median                 232.00  18.64     19.26  17.32  -16.32     23.35
Mean                   266.98  18.94     19.48  17.46  -11.51     25.01
Std Dev                165.65  10.09     10.38  10.55   16.50      5.92

Error stats on active_mask (raw): travel/solved vs travel
log                      t   rmse  bin_rmse    mae      me  rms_trav
---------------------  ---  -----  --------  -----  ------  --------
log-0046               405   4.45      5.44   3.65   -3.29     20.40
log-0048               387   3.40      3.88   2.45    1.13     22.63
log-0049               204   6.55      7.10   5.91   -5.76     22.73
log-0054               714   2.91      3.35   2.20   -0.97     17.71
log-0055               239   3.04      3.20   2.29   -0.34     23.35
log-0056               290   4.53      4.62   3.60    3.15     22.20
log-0058               402   3.41      3.73   2.44    0.67     23.76
log-0063               131   4.07      3.84   3.20    1.80     26.75
log-0071_183           422   6.12      5.97   5.60   -5.44     21.58
log-0072_184           341   3.96      4.04   3.09    2.54     20.97
log-0073_185           301   3.01      3.61   2.08   -1.11     19.25
log-0078-valid         142   6.85      6.71   5.14   -3.31     29.02
log-0079               255   6.76      6.38   5.56    4.15     25.44
log-0080-valid         338   9.43      9.94   7.85   -7.58     29.43
log-0081               796  10.19      9.72   8.79    3.34     20.74
log-0098               232   5.79      5.77   4.42    0.65     26.76
log-0099               645   8.97      8.12   7.70    2.71     19.79
log-0113               248  11.68     12.84  10.90  -10.79     26.27
log-0115               178   6.45      8.62   4.39   -2.52     23.76
log-0116               189  10.47     10.17   9.35    8.76     31.43
log-0117               126  11.62     12.41  11.01  -10.90     25.73
log-0118               113  15.73     15.11  14.56   14.43     36.77
log-0119               146   7.04      7.84   5.53   -2.76     36.16
log-0120                53   7.14      7.46   5.63   -4.43     34.04
log-0122               334  11.62     10.73  10.15    8.30     32.82
log-0125               198   9.51     10.47   8.07   -6.88     32.62
log-0126                58  55.85     53.75  55.28   55.27     36.45
log-0127               107  10.98     12.44   9.40   -8.85     35.46
log-0129               434   8.00      8.41   6.62   -6.16     32.30
log-0132               287  12.97     12.79  11.33  -11.10     32.96
log-0133                94  10.64     10.21   9.37    8.95     30.10
log-0145-filtered-c01  362  13.24     14.03  12.29   11.73     17.79
log-0147-filtered-c01   88  14.73     14.95  13.71  -13.30     16.17
log-0147-filtered-c02  336  27.44     33.31  26.40   26.35     17.33
log-0151-filtered-c01   91  11.71     15.30  10.04    9.46     19.40
log-0152-filtered-c01  161   7.91     11.06   6.73   -6.20     18.03
log-0152-filtered-c02   92  10.17      9.55   8.77   -8.28     14.31
log-0155-filtered-c01  136  13.66     15.39  12.60  -12.14     26.60
log103                 432   9.83     10.42   9.03   -8.23     23.14
log104                 431  20.74     22.61  20.08  -19.82     21.94
log106                 163   3.00      3.41   2.03   -0.48     22.62
log107                 185   3.26      4.29   2.19    0.78     21.66
log109                 192   7.26      7.10   6.61   -6.50     22.33
log110                 179   4.15      4.64   2.97   -2.04     21.28
log112                 357   9.62     10.61   8.73   -8.12     23.35

Median                 232.00   8.00      8.62   6.73   -2.04     23.35
Mean                   266.98   9.77     10.34   8.66   -0.29     25.01
Std Dev                165.65   8.47      8.56   8.53   11.71      5.92

Error stats on active_mask (raw): travel/solved/mag_nuisance/delta_lifted vs travel
log                      t   rmse  bin_rmse    mae      me  rms_trav
---------------------  ---  -----  --------  -----  ------  --------
log-0046               405  16.41     17.74  16.07  -16.07     20.40
log-0048               387   4.67      6.12   3.36   -2.41     22.63
log-0049               204  20.78     21.40  20.55  -20.54     22.73
log-0054               714   6.49      7.34   5.39   -5.35     17.71
log-0055               239   4.10      4.22   2.77   -0.42     23.35
log-0056               290   7.19      7.06   6.52    6.10     22.20
log-0058               402   4.69      4.96   3.32    1.09     23.76
log-0063               131  18.87     19.58  18.53  -18.53     26.75
log-0071_183           422   6.05      6.21   5.55    5.18     21.58
log-0072_184           341   5.46      6.03   4.37   -4.08     20.97
log-0073_185           301  20.25     20.98  19.95  -19.95     19.25
log-0078-valid         142   9.01      9.03   7.22    3.32     29.02
log-0079               255  36.55     37.49  36.17  -36.17     25.44
log-0080-valid         338  40.35     39.81  39.85   39.65     29.43
log-0081               796  15.82     14.60  11.97  -11.79     20.74
log-0098               232   6.39      6.23   4.84    1.41     26.76
log-0099               645  23.97     24.28  22.21  -22.21     19.79
log-0113               248   9.95     11.69   8.49   -8.24     26.27
log-0115               178  24.73     28.12  23.78  -23.77     23.76
log-0116               189   7.56      7.79   5.37   -4.24     31.43
log-0117               126   7.17      8.69   4.86   -4.29     25.73
log-0118               113  15.49     16.37  14.27  -14.13     36.77
log-0119               146   6.49      6.58   5.10    1.30     36.16
log-0120                53  18.48     18.98  17.43  -17.39     34.04
log-0122               334  22.17     22.92  20.34  -20.32     32.82
log-0125               198  28.62     29.91  27.77  -27.77     32.62
log-0126                58  25.81     27.89  24.79  -24.79     36.45
log-0127               107   9.52      8.91   8.02    6.66     35.46
log-0129               434  27.40     26.77  26.70   26.62     32.30
log-0132               287  18.25     18.86  15.68  -15.62     32.96
log-0133                94  12.41     13.51  11.08  -10.99     30.10
log-0145-filtered-c01  362   8.10      6.78   5.07   -3.36     17.79
log-0147-filtered-c01   88  35.29     35.60  34.80  -34.77     16.17
log-0147-filtered-c02  336  28.52     34.43  27.38   26.87     17.33
log-0151-filtered-c01   91  10.82      9.77   6.74   -5.64     19.40
log-0152-filtered-c01  161  21.71     24.72  21.24  -21.20     18.03
log-0152-filtered-c02   92  33.13     32.50  32.66  -32.64     14.31
log-0155-filtered-c01  136  37.33     38.81  36.86  -36.83     26.60
log103                 432  31.99     32.44  31.56  -31.55     23.14
log104                 431  30.00     31.91  29.52  -29.36     21.94
log106                 163  17.27     17.76  16.96  -16.96     22.62
log107                 185  19.40     19.32  19.12  -19.12     21.66
log109                 192  23.49     22.93  23.23  -23.23     22.33
log110                 179  22.78     23.12  22.50  -22.50     21.28
log112                 357  17.67     18.76  16.91  -16.79     23.35

Median                 232.00  18.25     18.86  16.96  -15.62     23.35
Mean                   266.98  18.19     18.86  17.04  -11.22     25.01
Std Dev                165.65  10.16     10.50  10.59   16.45      5.92

Error stats on active_mask (raw): travel/mag_nuisance/corrected vs travel
log                      t   rmse  bin_rmse    mae      me  rms_trav
---------------------  ---  -----  --------  -----  ------  --------
log-0046               405  16.60     18.49  16.24  -16.24     20.40
log-0048               387   4.61      5.91   3.32   -2.40     22.63
log-0049               204  20.88     21.53  20.62  -20.62     22.73
log-0054               714   6.60      7.51   5.44   -5.40     17.71
log-0055               239   4.21      4.31   2.75   -0.52     23.35
log-0056               290   7.16      7.00   6.49    5.96     22.20
log-0058               402   4.69      5.08   3.18    1.07     23.76
log-0063               131  18.79     19.51  18.42  -18.42     26.75
log-0071_183           422   6.01      6.16   5.51    5.10     21.58
log-0072_184           341   5.90      6.62   4.57   -4.32     20.97
log-0073_185           301  20.51     21.58  20.15  -20.15     19.25
log-0078-valid         142   8.84      8.80   7.08    3.27     29.02
log-0079               255  36.46     37.39  36.12  -36.12     25.44
log-0080-valid         338  40.24     39.72  39.73   39.71     29.43
log-0081               796  16.00     14.67  12.07  -11.93     20.74
log-0098               232   6.10      5.94   4.66    1.39     26.76
log-0099               645  24.17     24.50  22.40  -22.39     19.79
log-0113               248  10.11     12.02   8.58   -8.33     26.27
log-0115               178  25.17     28.87  24.16  -24.16     23.76
log-0116               189   7.55      7.66   5.28   -4.41     31.43
log-0117               126   7.37      9.00   4.92   -4.47     25.73
log-0118               113  15.43     16.46  14.32  -14.19     36.77
log-0119               146   6.02      6.00   4.78    1.16     36.16
log-0120                53  18.77     19.21  17.85  -17.81     34.04
log-0122               334  22.66     23.43  20.72  -20.72     32.82
log-0125               198  28.84     30.15  28.03  -28.03     32.62
log-0126                58  25.97     28.04  25.05  -25.04     36.45
log-0127               107   9.28      8.56   7.81    6.73     35.46
log-0129               434  27.30     26.64  26.62   26.55     32.30
log-0132               287  18.68     19.40  15.97  -15.95     32.96
log-0133                94  12.41     13.51  11.19  -11.10     30.10
log-0145-filtered-c01  362   9.21      7.54   5.66   -4.06     17.79
log-0147-filtered-c01   88  35.35     35.57  34.87  -34.85     16.17
log-0147-filtered-c02  336  28.98     35.21  27.57   26.00     17.33
log-0151-filtered-c01   91  11.43     10.30   6.95   -6.05     19.40
log-0152-filtered-c01  161  22.01     24.88  21.52  -21.47     18.03
log-0152-filtered-c02   92  33.27     32.54  32.76  -32.72     14.31
log-0155-filtered-c01  136  36.78     38.32  36.43  -36.43     26.60
log103                 432  32.15     32.62  31.71  -31.70     23.14
log104                 431  30.60     32.36  30.13  -30.10     21.94
log106                 163  17.55     18.25  17.17  -17.17     22.62
log107                 185  19.49     19.41  19.17  -19.17     21.66
log109                 192  23.74     23.17  23.43  -23.43     22.33
log110                 179  23.04     23.54  22.65  -22.64     21.28
log112                 357  17.97     18.97  17.17  -17.13     23.35

Median                 232.00  18.68     19.21  17.17  -15.95     23.35
Mean                   266.98  18.33     19.03  17.14  -11.39     25.01
Std Dev                165.65  10.16     10.53  10.62   16.44      5.92


======================== CENTERED ERRORS ========================

Cache duration summary
log                    samples  dt_ms  total_s  active_s  active_%
---------------------  -------  -----  -------  --------  --------
log-0046                 61344  10.00   613.44    405.16     66.05
log-0048                108107  10.00  1081.07    387.68     35.86
log-0049                 44189  10.00   441.89    204.94     46.38
log-0054                111816  10.00  1118.16    714.75     63.92
log-0055                 43808  10.00   438.08    239.29     54.62
log-0056                 61448  10.00   614.48    290.12     47.21
log-0058                 44381  10.00   443.81    402.44     90.68
log-0063                 40781  10.00   407.81    131.29     32.19
log-0071_183             65908  10.00   659.08    422.02     64.03
log-0072_184             58385  10.00   583.85    341.72     58.53
log-0073_185             39115  10.00   391.15    301.33     77.04
log-0078-valid           22949  10.00   229.49    142.05     61.90
log-0079                 46824  10.00   468.24    255.37     54.54
log-0080-valid           64718  10.00   647.18    338.74     52.34
log-0081                113665  10.00  1136.65    796.62     70.08
log-0098                 36717  10.00   367.17    232.44     63.31
log-0099                 65579  10.00   655.79    645.66     98.46
log-0113                 29498  10.00   294.98    248.85     84.36
log-0115                 18835  10.00   188.35    178.39     94.71
log-0116                 27283  10.00   272.83    189.81     69.57
log-0117                 14148  10.00   141.48    126.97     89.74
log-0118                 16328  10.00   163.28    113.96     69.79
log-0119                 19584  10.00   195.84    146.62     74.87
log-0120                  6011  10.00    60.11     53.23     88.55
log-0122                 43803  10.00   438.03    334.77     76.43
log-0125                 24913  10.00   249.13    198.23     79.57
log-0126                 14241  10.00   142.41     58.18     40.85
log-0127                 26922  10.00   269.22    107.62     39.97
log-0129                 77819  10.00   778.19    434.96     55.89
log-0132                 34660  10.00   346.60    287.24     82.87
log-0133                 10539  10.00   105.39     94.93     90.07
log-0145-filtered-c01    39029  10.00   390.29    362.86     92.97
log-0147-filtered-c01    20838  10.00   208.38     88.48     42.46
log-0147-filtered-c02    38239  10.00   382.39    336.72     88.06
log-0151-filtered-c01     9991  10.00    99.91     91.08     91.16
log-0152-filtered-c01    16176  10.00   161.76    161.76    100.00
log-0152-filtered-c02    10216  10.00   102.16     92.97     91.00
log-0155-filtered-c01    14580  10.00   145.80    136.10     93.35
log103                   72985  10.00   729.85    432.17     59.21
log104                   59770  10.00   597.70    431.20     72.14
log106                   19535  10.00   195.35    163.51     83.70
log107                   25307  10.00   253.07    185.15     73.16
log109                   21587  10.00   215.87    192.35     89.10
log110                   21450  10.00   214.50    179.62     83.74
log112                   63277  10.00   632.77    357.33     56.47

Error stats on active_mask (centered): travel/mag_model vs travel
log                      t   rmse  bin_rmse    mae  nrmse  rms_trav
---------------------  ---  -----  --------  -----  -----  --------
log-0046               405   3.61      4.81   2.37   0.18     20.40
log-0048               387   3.99      4.74   2.62   0.18     22.63
log-0049               204   3.55      3.77   2.35   0.16     22.73
log-0054               714   4.09      4.65   2.79   0.23     17.71
log-0055               239   4.62      4.67   3.12   0.20     23.35
log-0056               290   3.97      4.35   2.63   0.18     22.20
log-0058               402   4.75      5.35   2.95   0.20     23.76
log-0063               131   4.28      4.43   3.03   0.16     26.75
log-0071_183           422   3.19      3.29   2.02   0.15     21.58
log-0072_184           341   4.23      4.76   2.59   0.20     20.97
log-0073_185           301   4.14      4.98   2.79   0.22     19.25
log-0078-valid         142  10.11      9.40   7.42   0.35     29.02
log-0079               255   6.68      6.01   5.13   0.26     25.44
log-0080-valid         338  11.28     10.72   7.04   0.38     29.43
log-0081               796  13.38     11.93  10.40   0.65     20.74
log-0098               232  10.16      9.47   7.09   0.38     26.76
log-0099               645  12.90     10.76  10.60   0.65     19.79
log-0113               248   7.20      8.25   4.83   0.27     26.27
log-0115               178   7.77      8.76   5.55   0.33     23.76
log-0116               189   7.60      7.39   5.20   0.24     31.43
log-0117               126   5.59      6.37   3.54   0.22     25.73
log-0118               113   6.73      7.13   5.27   0.18     36.77
log-0119               146   6.86      6.87   5.27   0.19     36.16
log-0120                53   7.29      7.40   5.36   0.21     34.04
log-0122               334  10.74     10.09   8.30   0.33     32.82
log-0125               198   8.17      7.68   6.22   0.25     32.62
log-0126                58   7.49      7.77   6.10   0.21     36.45
log-0127               107   7.94      8.07   5.59   0.22     35.46
log-0129               434   9.22      9.79   5.60   0.29     32.30
log-0132               287  11.16     11.23   8.49   0.34     32.96
log-0133                94   6.88      7.57   4.94   0.23     30.10
log-0145-filtered-c01  362   8.90      7.88   6.50   0.50     17.79
log-0147-filtered-c01   88   6.01      5.31   4.67   0.37     16.17
log-0147-filtered-c02  336  13.01     15.47   7.39   0.75     17.33
log-0151-filtered-c01   91   9.49     10.87   5.65   0.49     19.40
log-0152-filtered-c01  161   4.87      6.04   3.51   0.27     18.03
log-0152-filtered-c02   92   6.05      5.46   4.90   0.42     14.31
log-0155-filtered-c01  136   5.25      5.32   4.23   0.20     26.60
log103                 432   7.67      8.10   4.70   0.33     23.14
log104                 431   7.94      9.12   4.47   0.36     21.94
log106                 163   4.07      4.81   2.47   0.18     22.62
log107                 185   3.74      4.86   2.31   0.17     21.66
log109                 192   4.51      5.75   2.99   0.20     22.33
log110                 179   5.44      6.20   3.46   0.26     21.28
log112                 357   6.33      7.21   4.22   0.27     23.35

Median                 232.00   6.73      7.13   4.83   0.24     23.35
Mean                   266.98   6.95      7.22   4.86   0.29     25.01
Std Dev                165.65   2.74      2.54   2.09   0.14      5.92

Error stats on active_mask (centered): travel/mag_model/adj vs travel
log                      t   rmse  bin_rmse    mae  nrmse  rms_trav
---------------------  ---  -----  --------  -----  -----  --------
log-0046               405   3.61      4.81   2.37   0.18     20.40
log-0048               387   3.99      4.74   2.62   0.18     22.63
log-0049               204   3.55      3.77   2.35   0.16     22.73
log-0054               714   4.09      4.65   2.79   0.23     17.71
log-0055               239   4.62      4.67   3.12   0.20     23.35
log-0056               290   3.97      4.35   2.63   0.18     22.20
log-0058               402   4.75      5.35   2.95   0.20     23.76
log-0063               131   4.28      4.43   3.03   0.16     26.75
log-0071_183           422   3.19      3.29   2.02   0.15     21.58
log-0072_184           341   4.23      4.76   2.59   0.20     20.97
log-0073_185           301   4.14      4.98   2.79   0.22     19.25
log-0078-valid         142  10.11      9.40   7.42   0.35     29.02
log-0079               255   6.68      6.01   5.13   0.26     25.44
log-0080-valid         338  11.28     10.72   7.04   0.38     29.43
log-0081               796  13.38     11.93  10.40   0.65     20.74
log-0098               232  10.16      9.47   7.09   0.38     26.76
log-0099               645  12.90     10.76  10.60   0.65     19.79
log-0113               248   7.20      8.25   4.83   0.27     26.27
log-0115               178   7.77      8.76   5.55   0.33     23.76
log-0116               189   7.60      7.39   5.20   0.24     31.43
log-0117               126   5.59      6.37   3.54   0.22     25.73
log-0118               113   6.73      7.13   5.27   0.18     36.77
log-0119               146   6.86      6.87   5.27   0.19     36.16
log-0120                53   7.29      7.40   5.36   0.21     34.04
log-0122               334  10.74     10.09   8.30   0.33     32.82
log-0125               198   8.17      7.68   6.22   0.25     32.62
log-0126                58   7.49      7.77   6.10   0.21     36.45
log-0127               107   7.94      8.07   5.59   0.22     35.46
log-0129               434   9.22      9.79   5.60   0.29     32.30
log-0132               287  11.16     11.23   8.49   0.34     32.96
log-0133                94   6.88      7.57   4.94   0.23     30.10
log-0145-filtered-c01  362   8.90      7.88   6.50   0.50     17.79
log-0147-filtered-c01   88   6.01      5.31   4.67   0.37     16.17
log-0147-filtered-c02  336  13.01     15.47   7.39   0.75     17.33
log-0151-filtered-c01   91   9.49     10.87   5.65   0.49     19.40
log-0152-filtered-c01  161   4.87      6.04   3.51   0.27     18.03
log-0152-filtered-c02   92   6.05      5.46   4.90   0.42     14.31
log-0155-filtered-c01  136   5.25      5.32   4.23   0.20     26.60
log103                 432   7.67      8.10   4.70   0.33     23.14
log104                 431   7.94      9.12   4.47   0.36     21.94
log106                 163   4.07      4.81   2.47   0.18     22.62
log107                 185   3.74      4.86   2.31   0.17     21.66
log109                 192   4.51      5.75   2.99   0.20     22.33
log110                 179   5.44      6.20   3.46   0.26     21.28
log112                 357   6.33      7.21   4.22   0.27     23.35

Median                 232.00   6.73      7.13   4.83   0.24     23.35
Mean                   266.98   6.95      7.22   4.86   0.29     25.01
Std Dev                165.65   2.74      2.54   2.09   0.14      5.92

Error stats on active_mask (centered): travel/solved vs travel
log                      t  rmse  bin_rmse   mae  nrmse  rms_trav
---------------------  ---  ----  --------  ----  -----  --------
log-0046               405  3.00      3.74  2.14   0.15     20.40
log-0048               387  3.21      4.19  2.33   0.14     22.63
log-0049               204  3.12      3.29  2.11   0.14     22.73
log-0054               714  2.75      3.06  2.06   0.16     17.71
log-0055               239  3.02      3.16  2.27   0.13     23.35
log-0056               290  3.27      3.70  2.40   0.15     22.20
log-0058               402  3.35      3.77  2.39   0.14     23.76
log-0063               131  3.65      3.75  2.76   0.14     26.75
log-0071_183           422  2.80      2.93  1.96   0.13     21.58
log-0072_184           341  3.03      3.42  2.12   0.14     20.97
log-0073_185           301  2.79      3.32  1.86   0.15     19.25
log-0078-valid         142  5.99      6.03  4.72   0.21     29.02
log-0079               255  5.34      5.55  4.07   0.21     25.44
log-0080-valid         338  5.62      5.72  4.38   0.19     29.43
log-0081               796  9.62      8.64  7.75   0.46     20.74
log-0098               232  5.75      5.84  4.33   0.21     26.76
log-0099               645  8.55      7.88  7.10   0.43     19.79
log-0113               248  4.46      4.85  3.48   0.17     26.27
log-0115               178  5.93      7.37  4.33   0.25     23.76
log-0116               189  5.73      5.71  4.28   0.18     31.43
log-0117               126  4.04      4.49  2.93   0.16     25.73
log-0118               113  6.25      6.54  4.85   0.17     36.77
log-0119               146  6.47      6.87  5.07   0.18     36.16
log-0120                53  5.60      5.82  4.14   0.16     34.04
log-0122               334  8.14      7.99  6.42   0.25     32.82
log-0125               198  6.57      6.61  5.28   0.20     32.62
log-0126                58  8.02      8.26  6.22   0.22     36.45
log-0127               107  6.50      7.10  5.03   0.18     35.46
log-0129               434  5.11      5.11  4.02   0.16     32.30
log-0132               287  6.70      6.24  5.18   0.20     32.96
log-0133                94  5.74      6.28  4.36   0.19     30.10
log-0145-filtered-c01  362  6.14      5.70  4.63   0.35     17.79
log-0147-filtered-c01   88  6.33      5.72  4.71   0.39     16.17
log-0147-filtered-c02  336  7.67     11.47  5.36   0.44     17.33
log-0151-filtered-c01   91  6.90      8.83  4.33   0.36     19.40
log-0152-filtered-c01  161  4.92      6.69  3.60   0.27     18.03
log-0152-filtered-c02   92  5.90      5.40  4.77   0.41     14.31
log-0155-filtered-c01  136  6.25      6.49  4.59   0.24     26.60
log103                 432  5.37      5.78  3.66   0.23     23.14
log104                 431  6.11      7.68  3.83   0.28     21.94
log106                 163  2.96      3.34  1.98   0.13     22.62
log107                 185  3.16      4.12  2.03   0.15     21.66
log109                 192  3.24      4.50  2.30   0.15     22.33
log110                 179  3.61      4.17  2.40   0.17     21.28
log112                 357  5.16      5.86  3.75   0.22     23.35

Median                 232.00  5.60      5.72  4.07   0.18     23.35
Mean                   266.98  5.20      5.62  3.87   0.22     25.01
Std Dev                165.65  1.76      1.84  1.46   0.09      5.92

Error stats on active_mask (centered): travel/solved/mag_nuisance/delta_lifted vs travel
log                      t   rmse  bin_rmse   mae  nrmse  rms_trav
---------------------  ---  -----  --------  ----  -----  --------
log-0046               405   3.30      4.10  2.30   0.16     20.40
log-0048               387   4.01      4.81  2.68   0.18     22.63
log-0049               204   3.17      3.33  2.21   0.14     22.73
log-0054               714   3.68      4.23  2.44   0.21     17.71
log-0055               239   4.07      4.17  2.80   0.17     23.35
log-0056               290   3.80      4.25  2.60   0.17     22.20
log-0058               402   4.56      5.00  2.98   0.19     23.76
log-0063               131   3.57      3.61  2.71   0.13     26.75
log-0071_183           422   3.13      3.37  2.06   0.15     21.58
log-0072_184           341   3.63      3.97  2.40   0.17     20.97
log-0073_185           301   3.48      4.14  2.41   0.18     19.25
log-0078-valid         142   8.37      8.23  5.93   0.29     29.02
log-0079               255   5.26      5.40  4.07   0.21     25.44
log-0080-valid         338   7.47      7.37  4.99   0.25     29.43
log-0081               796  10.54      9.89  8.33   0.51     20.74
log-0098               232   6.23      6.28  4.55   0.23     26.76
log-0099               645   9.02      8.31  7.43   0.46     19.79
log-0113               248   5.57      6.19  3.93   0.21     26.27
log-0115               178   6.84      8.26  4.96   0.29     23.76
log-0116               189   6.25      6.27  4.55   0.20     31.43
log-0117               126   5.75      6.71  3.68   0.22     25.73
log-0118               113   6.36      6.66  4.88   0.17     36.77
log-0119               146   6.36      6.68  4.98   0.18     36.16
log-0120                53   6.27      6.62  4.67   0.18     34.04
log-0122               334   8.87      8.55  7.00   0.27     32.82
log-0125               198   6.90      6.81  5.44   0.21     32.62
log-0126                58   7.17      7.76  5.84   0.20     36.45
log-0127               107   6.79      7.23  5.19   0.19     35.46
log-0129               434   6.48      6.59  4.72   0.20     32.30
log-0132               287   9.43      9.62  7.34   0.29     32.96
log-0133                94   5.75      6.28  4.37   0.19     30.10
log-0145-filtered-c01  362   7.36      6.65  5.39   0.41     17.79
log-0147-filtered-c01   88   6.06      5.45  4.53   0.37     16.17
log-0147-filtered-c02  336   9.57     12.77  6.14   0.55     17.33
log-0151-filtered-c01   91   9.23     10.41  5.45   0.48     19.40
log-0152-filtered-c01  161   4.68      6.20  3.49   0.26     18.03
log-0152-filtered-c02   92   5.69      5.33  4.58   0.40     14.31
log-0155-filtered-c01  136   6.09      6.09  4.43   0.23     26.60
log103                 432   5.29      5.62  3.59   0.23     23.14
log104                 431   6.19      7.76  3.62   0.28     21.94
log106                 163   3.27      3.69  2.11   0.14     22.62
log107                 185   3.27      4.29  2.15   0.15     21.66
log109                 192   3.50      4.81  2.46   0.16     22.33
log110                 179   3.60      4.04  2.48   0.17     21.28
log112                 357   5.48      6.35  3.81   0.23     23.35

Median                 232.00   5.75      6.27  4.37   0.21     23.35
Mean                   266.98   5.81      6.23  4.19   0.24     25.01
Std Dev                165.65   1.98      2.02  1.58   0.10      5.92

Error stats on active_mask (centered): travel/mag_nuisance/corrected vs travel
log                      t   rmse  bin_rmse   mae  nrmse  rms_trav
---------------------  ---  -----  --------  ----  -----  --------
log-0046               405   3.48      4.64  2.36   0.17     20.40
log-0048               387   3.94      4.60  2.61   0.17     22.63
log-0049               204   3.28      3.44  2.24   0.14     22.73
log-0054               714   3.79      4.38  2.44   0.21     17.71
log-0055               239   4.18      4.25  2.79   0.18     23.35
log-0056               290   3.95      4.35  2.55   0.18     22.20
log-0058               402   4.57      5.14  2.84   0.19     23.76
log-0063               131   3.72      3.79  2.78   0.14     26.75
log-0071_183           422   3.18      3.46  1.96   0.15     21.58
log-0072_184           341   4.01      4.45  2.48   0.19     20.97
log-0073_185           301   3.80      4.63  2.55   0.20     19.25
log-0078-valid         142   8.21      7.97  5.76   0.28     29.02
log-0079               255   4.94      5.03  3.86   0.19     25.44
log-0080-valid         338   6.53      6.53  4.75   0.22     29.43
log-0081               796  10.65      9.98  8.40   0.51     20.74
log-0098               232   5.94      5.99  4.35   0.22     26.76
log-0099               645   9.10      8.28  7.51   0.46     19.79
log-0113               248   5.72      6.40  4.00   0.22     26.27
log-0115               178   7.06      8.30  5.18   0.30     23.76
log-0116               189   6.13      6.00  4.43   0.19     31.43
log-0117               126   5.86      6.84  3.68   0.23     25.73
log-0118               113   6.05      6.28  4.70   0.16     36.77
log-0119               146   5.90      6.11  4.70   0.16     36.16
log-0120                53   5.91      6.07  4.51   0.17     34.04
log-0122               334   9.18      8.72  7.33   0.28     32.82
log-0125               198   6.81      6.58  5.37   0.21     32.62
log-0126                58   6.88      7.40  5.62   0.19     36.45
log-0127               107   6.40      6.75  4.95   0.18     35.46
log-0129               434   6.34      6.39  4.63   0.20     32.30
log-0132               287   9.72      9.95  7.57   0.29     32.96
log-0133                94   5.55      5.98  4.22   0.18     30.10
log-0145-filtered-c01  362   8.26      7.37  6.19   0.46     17.79
log-0147-filtered-c01   88   5.95      5.27  4.62   0.37     16.17
log-0147-filtered-c02  336  12.81     15.29  7.19   0.74     17.33
log-0151-filtered-c01   91   9.69     11.04  5.90   0.50     19.40
log-0152-filtered-c01  161   4.82      6.00  3.47   0.27     18.03
log-0152-filtered-c02   92   6.03      5.45  4.88   0.42     14.31
log-0155-filtered-c01  136   5.08      5.15  4.11   0.19     26.60
log103                 432   5.33      6.08  3.63   0.23     23.14
log104                 431   5.53      7.02  3.48   0.25     21.94
log106                 163   3.61      4.20  2.31   0.16     22.62
log107                 185   3.53      4.65  2.23   0.16     21.66
log109                 192   3.83      5.24  2.58   0.17     22.33
log110                 179   4.23      4.89  2.77   0.20     21.28
log112                 357   5.42      6.25  3.78   0.23     23.35

Median                 232.00   5.72      6.00  4.11   0.20     23.35
Mean                   266.98   5.89      6.28  4.23   0.25     25.01
Std Dev                165.65   2.14      2.18  1.64   0.12      5.92
