Experiment: front_200hz_front_default_hybrid
ID: 20260918T072720Z-front-200hz-front-default-hybrid
Created: 2026-09-18T00:27:20-07:00
Group: front-default
Tags: none
Pipeline code: b40f657d720d
Experiment fingerprint: 3331c90c76e8b5028539dcdc9bc024b4ecd8bda2bf6b41af1842fd4ea535b8d4
Notes: (none)

======================== UNCENTERED ERRORS ========================

Cache duration summary
log                    samples  dt_ms  total_s  active_s  active_%
---------------------  -------  -----  -------  --------  --------
log-0046                 61344  10.00   613.44    376.55     61.38
log-0048                108107  10.00  1081.07    334.66     30.96
log-0049                 44189  10.00   441.89    179.01     40.51
log-0054                111816  10.00  1118.16    669.38     59.86
log-0055                 43808  10.00   438.08    224.66     51.28
log-0056                 61448  10.00   614.48    273.41     44.49
log-0058                 44381  10.00   443.81    387.82     87.38
log-0063                 40781  10.00   407.81    103.21     25.31
log-0071_183             65908  10.00   659.08    416.20     63.15
log-0072_184             58385  10.00   583.85    328.10     56.20
log-0073_185             39115  10.00   391.15    286.53     73.25
log-0078-valid           22949  10.00   229.49    132.48     57.73
log-0079                 46824  10.00   468.24    242.36     51.76
log-0080-valid           64718  10.00   647.18    325.81     50.34
log-0081                113665  10.00  1136.65    735.55     64.71
log-0098                 36717  10.00   367.17    224.10     61.03
log-0099                 65579  10.00   655.79    634.23     96.71
log-0113                 29498  10.00   294.98    232.98     78.98
log-0115                 18835  10.00   188.35    171.26     90.93
log-0116                 27283  10.00   272.83    175.82     64.44
log-0117                 14148  10.00   141.48    122.91     86.87
log-0118                 16328  10.00   163.28    110.26     67.53
log-0119                 19584  10.00   195.84    138.51     70.73
log-0120                  6011  10.00    60.11     49.75     82.76
log-0122                 43803  10.00   438.03    318.23     72.65
log-0125                 24913  10.00   249.13    187.66     75.33
log-0126                 14241  10.00   142.41     51.60     36.23
log-0127                 26922  10.00   269.22    102.10     37.92
log-0129                 77819  10.00   778.19    409.92     52.68
log-0132                 34660  10.00   346.60    266.52     76.90
log-0133                 10539  10.00   105.39     93.85     89.05
log-0145-filtered-c01    39029  10.00   390.29    348.53     89.30
log-0147-filtered-c01    20838  10.00   208.38     81.51     39.12
log-0147-filtered-c02    38239  10.00   382.39    320.60     83.84
log-0151-filtered-c01     9991  10.00    99.91     86.46     86.54
log-0152-filtered-c01    16176  10.00   161.76    148.55     91.83
log-0152-filtered-c02    10216  10.00   102.16     92.56     90.60
log-0155-filtered-c01    14580  10.00   145.80    133.20     91.36
log103                   72985  10.00   729.85    396.33     54.30
log104                   59770  10.00   597.70    396.48     66.33
log106                   19535  10.00   195.35    153.27     78.46
log107                   25307  10.00   253.07    168.18     66.46
log109                   21587  10.00   215.87    182.28     84.44
log110                   21450  10.00   214.50    172.22     80.29
log112                   63277  10.00   632.77    329.88     52.13

Error stats on active_mask (raw): travel/mag_model vs travel
log                      t   rmse  bin_rmse    mae      me  rms_trav
---------------------  ---  -----  --------  -----  ------  --------
log-0046               376   6.22      7.13   5.65   -5.52     20.18
log-0048               334   4.18      5.34   3.15   -2.14     22.17
log-0049               178  16.75     17.16  16.49  -16.48     22.11
log-0054               669   4.37      5.23   2.92   -1.66     17.55
log-0055               224   6.11      6.36   5.28    4.44     23.09
log-0056               273   7.37      7.44   6.64    6.38     22.16
log-0058               387   8.04      7.96   7.44    7.07     23.04
log-0063               103  12.45     12.76  11.91  -11.82     25.99
log-0071_183           416  17.34     17.32  17.17   17.15     21.31
log-0072_184           328   7.32      7.26   6.87    6.60     20.79
log-0073_185           286  17.30     18.38  16.84  -16.84     19.29
log-0078-valid         132  17.07     16.91  15.78   15.10     28.39
log-0079               242  38.36     38.84  37.79  -37.79     25.53
log-0080-valid         325  43.19     42.93  42.41   41.88     28.86
log-0081               735  13.88     12.56   9.51   -3.61     20.96
log-0098               224  16.54     15.33  14.93   12.81     26.50
log-0099               634  25.09     24.53  21.31  -21.30     19.91
log-0113               232   8.59     10.49   6.43   -5.06     26.40
log-0115               171  20.77     24.21  19.42  -19.42     23.58
log-0116               175   7.50      7.81   4.99    0.26     30.57
log-0117               122   4.58      4.91   3.17    0.81     25.85
log-0118               110  11.10     11.91   9.55   -8.74     36.32
log-0119               138   7.36      7.07   5.50    3.06     35.49
log-0120                49  23.00     23.98  21.19  -21.16     33.87
log-0122               318  24.87     25.98  22.78  -22.78     32.22
log-0125               187  34.28     34.87  33.17  -33.17     32.72
log-0126                51  23.91     25.27  22.86  -22.85     36.28
log-0127               102  12.32     11.74  11.01    9.91     34.91
log-0129               409  41.60     41.19  41.09   40.80     31.50
log-0132               266  21.90     22.71  18.62  -18.60     33.08
log-0133                93  10.71     12.01   8.81   -8.48     29.58
log-0145-filtered-c01  348  11.59      9.42   7.58   -7.33     18.00
log-0147-filtered-c01   81  32.28     32.91  31.77  -31.74     16.48
log-0147-filtered-c02  320  26.09     32.10  24.60   22.79     17.48
log-0151-filtered-c01   86  11.83     12.80   6.49   -2.71     19.76
log-0152-filtered-c01  148  20.81     24.12  20.23  -20.18     18.46
log-0152-filtered-c02   92  33.52     33.67  33.16  -33.14     14.22
log-0155-filtered-c01  133  37.00     37.81  36.62  -36.61     26.69
log103                 396  30.09     29.37  29.43  -29.27     22.59
log104                 396  27.91     28.88  27.31  -26.93     21.52
log106                 153  12.87     13.36  12.21  -12.13     22.66
log107                 168  20.80     20.50  20.49  -20.49     21.85
log109                 182  21.22     20.40  20.78  -20.78     21.93
log110                 172  21.24     21.67  20.53  -20.52     21.28
log112                 329  16.39     17.12  15.68  -15.35     22.92

Median                 224.00  17.07     17.16  16.49   -8.74     22.92
Mean                   250.96  18.62     19.15  17.28   -8.12     24.80
Std Dev                156.29  10.50     10.65  10.82   18.37      5.76

Error stats on active_mask (raw): travel/mag_model/adj vs travel
log                      t   rmse  bin_rmse    mae      me  rms_trav
---------------------  ---  -----  --------  -----  ------  --------
log-0046               376   6.22      7.13   5.65   -5.52     20.18
log-0048               334   4.18      5.34   3.15   -2.14     22.17
log-0049               178  16.75     17.16  16.49  -16.48     22.11
log-0054               669   4.37      5.23   2.92   -1.66     17.55
log-0055               224   6.11      6.36   5.28    4.44     23.09
log-0056               273   7.37      7.44   6.64    6.38     22.16
log-0058               387   8.04      7.96   7.44    7.07     23.04
log-0063               103  12.45     12.76  11.91  -11.82     25.99
log-0071_183           416  17.34     17.32  17.17   17.15     21.31
log-0072_184           328   7.32      7.26   6.87    6.60     20.79
log-0073_185           286  17.30     18.38  16.84  -16.84     19.29
log-0078-valid         132  17.07     16.91  15.78   15.10     28.39
log-0079               242  38.36     38.84  37.79  -37.79     25.53
log-0080-valid         325  43.19     42.93  42.41   41.88     28.86
log-0081               735  13.88     12.56   9.51   -3.61     20.96
log-0098               224  16.54     15.33  14.93   12.81     26.50
log-0099               634  25.09     24.53  21.31  -21.30     19.91
log-0113               232   8.59     10.49   6.43   -5.06     26.40
log-0115               171  20.77     24.21  19.42  -19.42     23.58
log-0116               175   7.50      7.81   4.99    0.26     30.57
log-0117               122   4.58      4.91   3.17    0.81     25.85
log-0118               110  11.10     11.91   9.55   -8.74     36.32
log-0119               138   7.36      7.07   5.50    3.06     35.49
log-0120                49  23.00     23.98  21.19  -21.16     33.87
log-0122               318  24.87     25.98  22.78  -22.78     32.22
log-0125               187  34.28     34.87  33.17  -33.17     32.72
log-0126                51  23.91     25.27  22.86  -22.85     36.28
log-0127               102  12.32     11.74  11.01    9.91     34.91
log-0129               409  41.60     41.19  41.09   40.80     31.50
log-0132               266  21.90     22.71  18.62  -18.60     33.08
log-0133                93  10.71     12.01   8.81   -8.48     29.58
log-0145-filtered-c01  348  11.59      9.42   7.58   -7.33     18.00
log-0147-filtered-c01   81  32.28     32.91  31.77  -31.74     16.48
log-0147-filtered-c02  320  26.09     32.10  24.60   22.79     17.48
log-0151-filtered-c01   86  11.83     12.80   6.49   -2.71     19.76
log-0152-filtered-c01  148  20.81     24.12  20.23  -20.18     18.46
log-0152-filtered-c02   92  33.52     33.67  33.16  -33.14     14.22
log-0155-filtered-c01  133  37.00     37.81  36.62  -36.61     26.69
log103                 396  30.09     29.37  29.43  -29.27     22.59
log104                 396  27.91     28.88  27.31  -26.93     21.52
log106                 153  12.87     13.36  12.21  -12.13     22.66
log107                 168  20.80     20.50  20.49  -20.49     21.85
log109                 182  21.22     20.40  20.78  -20.78     21.93
log110                 172  21.24     21.67  20.53  -20.52     21.28
log112                 329  16.39     17.12  15.68  -15.35     22.92

Median                 224.00  17.07     17.16  16.49   -8.74     22.92
Mean                   250.96  18.62     19.15  17.28   -8.12     24.80
Std Dev                156.29  10.50     10.65  10.82   18.37      5.76

Error stats on active_mask (raw): travel/solved vs travel
log                      t   rmse  bin_rmse    mae      me  rms_trav
---------------------  ---  -----  --------  -----  ------  --------
log-0046               376   3.52      3.95   3.02   -2.71     20.18
log-0048               334   2.81      3.18   2.00    0.90     22.17
log-0049               178   5.81      6.15   5.37   -5.25     22.11
log-0054               669   2.39      2.66   1.83   -0.26     17.55
log-0055               224   3.59      3.51   3.06   -2.72     23.09
log-0056               273   4.84      4.84   4.17    4.09     22.16
log-0058               387   2.59      2.72   1.88    0.68     23.04
log-0063               103   5.92      5.73   5.36    5.14     25.99
log-0071_183           416   8.60      8.60   8.37   -8.33     21.31
log-0072_184           328   2.80      2.92   2.03    1.64     20.79
log-0073_185           286   3.46      3.92   2.92   -2.70     19.29
log-0078-valid         132  13.90     13.51  12.96  -12.91     28.39
log-0079               242  12.94     13.48  12.10  -12.03     25.53
log-0080-valid         325   9.28      9.19   7.90   -7.72     28.86
log-0081               735   8.91      7.62   7.05   -0.83     20.96
log-0098               224   6.34      5.93   5.17    3.50     26.50
log-0099               634  13.48     13.24  11.09  -10.98     19.91
log-0113               232   8.14      8.93   7.34   -7.06     26.40
log-0115               171   9.30      7.88   8.44    7.58     23.58
log-0116               175  13.35     13.09  12.51   12.35     30.57
log-0117               122   7.19      7.71   6.47   -6.34     25.85
log-0118               110  17.82     17.39  16.88   16.82     36.32
log-0119               138   5.97      6.62   4.85   -2.91     35.49
log-0120                49   7.41      7.75   6.05   -5.66     33.87
log-0122               318   9.56      8.64   8.26    6.44     32.22
log-0125               187  16.08     16.60  14.86  -14.78     32.72
log-0126                51  57.32     56.01  56.89   56.89     36.28
log-0127               102  20.75     20.01  20.09   20.04     34.91
log-0129               409   7.13      7.30   5.88   -5.44     31.50
log-0132               266   7.90      7.65   5.53   -3.32     33.08
log-0133                93  12.01     11.47  11.11   11.05     29.58
log-0145-filtered-c01  348  10.87     12.17  10.00    8.86     18.00
log-0147-filtered-c01   81  12.72     13.33  11.64  -11.17     16.48
log-0147-filtered-c02  320  28.16     33.83  27.15   27.11     17.48
log-0151-filtered-c01   86  16.05     21.54  14.33   13.84     19.76
log-0152-filtered-c01  148   7.68     11.00   6.51   -6.16     18.46
log-0152-filtered-c02   92  12.28     12.40  11.50  -11.19     14.22
log-0155-filtered-c01  133  12.36     13.16  11.36  -11.13     26.69
log103                 396   8.54      8.80   7.86   -7.17     22.59
log104                 396   5.22      6.58   3.11    1.70     21.52
log106                 153   2.51      3.04   1.70   -0.02     22.66
log107                 168   2.73      3.57   1.74    0.23     21.85
log109                 182   7.13      6.75   6.64   -6.54     21.93
log110                 172   4.10      4.65   3.03   -2.42     21.28
log112                 329   4.88      5.80   3.88   -1.72     22.92

Median                 224.00   7.90      7.75   6.64   -2.42     22.92
Mean                   250.96   9.92     10.33   8.93    0.65     24.80
Std Dev                156.29   8.90      9.06   8.93   12.34      5.76

Error stats on active_mask (raw): travel/solved/mag_nuisance/delta_lifted vs travel
log                      t   rmse  bin_rmse    mae      me  rms_trav
---------------------  ---  -----  --------  -----  ------  --------
log-0046               376   6.02      6.81   5.50   -5.45     20.18
log-0048               334   4.32      5.59   3.06   -2.38     22.17
log-0049               178  16.57     17.00  16.36  -16.35     22.11
log-0054               669   3.90      4.64   2.48   -1.58     17.55
log-0055               224   5.73      5.95   5.18    4.41     23.09
log-0056               273   7.17      7.13   6.68    6.36     22.16
log-0058               387   7.72      7.38   7.30    6.79     23.04
log-0063               103  12.74     13.19  12.39  -12.39     25.99
log-0071_183           416  17.17     17.07  17.03   17.01     21.31
log-0072_184           328   7.28      7.22   6.91    6.76     20.79
log-0073_185           286  16.83     17.64  16.53  -16.52     19.29
log-0078-valid         132  15.85     16.08  14.96   14.64     28.39
log-0079               242  38.26     38.87  37.95  -37.95     25.53
log-0080-valid         325  42.34     42.26  41.93   41.80     28.86
log-0081               735  10.70      9.94   7.55   -2.94     20.96
log-0098               224  14.03     13.24  13.07   12.78     26.50
log-0099               634  22.14     22.43  20.20  -20.19     19.91
log-0113               232   7.24      8.66   5.75   -4.98     26.40
log-0115               171  19.86     22.92  18.92  -18.91     23.58
log-0116               175   5.70      5.82   4.18    0.70     30.57
log-0117               122   4.76      5.38   3.13    0.52     25.85
log-0118               110  10.99     11.73   9.68   -9.21     36.32
log-0119               138   6.30      6.06   4.88    3.17     35.49
log-0120                49  20.94     21.80  19.92  -19.90     33.87
log-0122               318  23.36     24.50  22.00  -22.00     32.22
log-0125               187  32.95     33.70  32.22  -32.22     32.72
log-0126                51  23.25     24.65  22.46  -22.46     36.28
log-0127               102  11.44     10.80  10.47   10.01     34.91
log-0129               409  41.36     40.93  41.03   41.01     31.50
log-0132               266  20.32     21.13  17.97  -17.95     33.08
log-0133                93   9.31     10.20   8.20   -8.01     29.58
log-0145-filtered-c01  348   9.65      7.84   6.51   -6.32     18.00
log-0147-filtered-c01   81  32.16     32.89  31.67  -31.62     16.48
log-0147-filtered-c02  320  25.49     31.17  24.30   23.71     17.48
log-0151-filtered-c01   86  11.41     12.35   6.34   -2.46     19.76
log-0152-filtered-c01  148  20.40     23.69  19.92  -19.87     18.46
log-0152-filtered-c02   92  33.49     33.63  33.19  -33.17     14.22
log-0155-filtered-c01  133  37.97     38.53  37.55  -37.53     26.69
log103                 396  29.25     29.27  28.88  -28.85     22.59
log104                 396  26.37     28.43  25.97  -25.72     21.52
log106                 153  12.66     13.18  12.18  -12.18     22.66
log107                 168  20.75     20.68  20.53  -20.53     21.85
log109                 182  20.78     20.27  20.52  -20.52     21.93
log110                 172  20.53     21.08  20.23  -20.23     21.28
log112                 329  15.94     17.09  15.26  -15.12     22.92

Median                 224.00  16.57     17.07  16.36   -9.21     22.92
Mean                   250.96  17.85     18.46  16.87   -7.91     24.80
Std Dev                156.29  10.54     10.76  10.88   18.28      5.76

Error stats on active_mask (raw): travel/mag_nuisance/corrected vs travel
log                      t   rmse  bin_rmse    mae      me  rms_trav
---------------------  ---  -----  --------  -----  ------  --------
log-0046               376   6.21      7.35   5.58   -5.52     20.18
log-0048               334   4.38      5.58   3.06   -2.36     22.17
log-0049               178  16.64     17.12  16.40  -16.40     22.11
log-0054               669   4.15      5.04   2.54   -1.62     17.55
log-0055               224   5.85      6.10   5.25    4.34     23.09
log-0056               273   7.28      7.26   6.74    6.24     22.16
log-0058               387   7.85      7.58   7.38    6.82     23.04
log-0063               103  12.67     13.10  12.29  -12.28     25.99
log-0071_183           416  17.20     17.12  17.05   16.99     21.31
log-0072_184           328   7.35      7.28   6.96    6.60     20.79
log-0073_185           286  17.14     18.28  16.72  -16.72     19.29
log-0078-valid         132  15.84     16.12  14.95   14.62     28.39
log-0079               242  38.17     38.75  37.86  -37.86     25.53
log-0080-valid         325  42.29     42.26  41.85   41.84     28.86
log-0081               735  10.95     10.32   7.66   -3.07     20.96
log-0098               224  13.99     13.21  13.05   12.77     26.50
log-0099               634  22.39     22.79  20.38  -20.37     19.91
log-0113               232   7.46      9.04   5.86   -5.06     26.40
log-0115               171  20.32     23.87  19.21  -19.21     23.58
log-0116               175   5.90      6.08   4.27    0.55     30.57
log-0117               122   4.91      5.57   3.18    0.41     25.85
log-0118               110  11.11     11.96   9.75   -9.34     36.32
log-0119               138   6.38      6.06   4.92    3.05     35.49
log-0120                49  21.76     22.81  20.49  -20.46     33.87
log-0122               318  23.88     25.14  22.34  -22.33     32.22
log-0125               187  33.37     34.12  32.57  -32.57     32.72
log-0126                51  23.51     24.96  22.69  -22.67     36.28
log-0127               102  11.51     10.87  10.51   10.07     34.91
log-0129               409  41.32     40.86  40.96   40.96     31.50
log-0132               266  20.88     21.84  18.27  -18.26     33.08
log-0133                93   9.54     10.48   8.31   -8.09     29.58
log-0145-filtered-c01  348  11.07      9.00   7.39   -7.14     18.00
log-0147-filtered-c01   81  32.28     32.91  31.78  -31.75     16.48
log-0147-filtered-c02  320  26.11     32.12  24.65   22.91     17.48
log-0151-filtered-c01   86  12.18     12.99   6.73   -2.94     19.76
log-0152-filtered-c01  148  20.81     24.12  20.25  -20.20     18.46
log-0152-filtered-c02   92  33.57     33.71  33.23  -33.21     14.22
log-0155-filtered-c01  133  37.21     37.93  36.84  -36.84     26.69
log103                 396  29.42     29.49  29.06  -29.05     22.59
log104                 396  26.92     29.01  26.55  -26.50     21.52
log106                 153  13.00     13.79  12.36  -12.36     22.66
log107                 168  20.74     20.66  20.48  -20.48     21.85
log109                 182  20.97     20.47  20.65  -20.65     21.93
log110                 172  20.78     21.54  20.34  -20.33     21.28
log112                 329  16.26     17.26  15.52  -15.46     22.92

Median                 224.00  16.64     17.12  16.40   -9.34     22.92
Mean                   250.96  18.08     18.75  17.00   -8.06     24.80
Std Dev                156.29  10.48     10.72  10.85   18.29      5.76


======================== CENTERED ERRORS ========================

Cache duration summary
log                    samples  dt_ms  total_s  active_s  active_%
---------------------  -------  -----  -------  --------  --------
log-0046                 61344  10.00   613.44    376.55     61.38
log-0048                108107  10.00  1081.07    334.66     30.96
log-0049                 44189  10.00   441.89    179.01     40.51
log-0054                111816  10.00  1118.16    669.38     59.86
log-0055                 43808  10.00   438.08    224.66     51.28
log-0056                 61448  10.00   614.48    273.41     44.49
log-0058                 44381  10.00   443.81    387.82     87.38
log-0063                 40781  10.00   407.81    103.21     25.31
log-0071_183             65908  10.00   659.08    416.20     63.15
log-0072_184             58385  10.00   583.85    328.10     56.20
log-0073_185             39115  10.00   391.15    286.53     73.25
log-0078-valid           22949  10.00   229.49    132.48     57.73
log-0079                 46824  10.00   468.24    242.36     51.76
log-0080-valid           64718  10.00   647.18    325.81     50.34
log-0081                113665  10.00  1136.65    735.55     64.71
log-0098                 36717  10.00   367.17    224.10     61.03
log-0099                 65579  10.00   655.79    634.23     96.71
log-0113                 29498  10.00   294.98    232.98     78.98
log-0115                 18835  10.00   188.35    171.26     90.93
log-0116                 27283  10.00   272.83    175.82     64.44
log-0117                 14148  10.00   141.48    122.91     86.87
log-0118                 16328  10.00   163.28    110.26     67.53
log-0119                 19584  10.00   195.84    138.51     70.73
log-0120                  6011  10.00    60.11     49.75     82.76
log-0122                 43803  10.00   438.03    318.23     72.65
log-0125                 24913  10.00   249.13    187.66     75.33
log-0126                 14241  10.00   142.41     51.60     36.23
log-0127                 26922  10.00   269.22    102.10     37.92
log-0129                 77819  10.00   778.19    409.92     52.68
log-0132                 34660  10.00   346.60    266.52     76.90
log-0133                 10539  10.00   105.39     93.85     89.05
log-0145-filtered-c01    39029  10.00   390.29    348.53     89.30
log-0147-filtered-c01    20838  10.00   208.38     81.51     39.12
log-0147-filtered-c02    38239  10.00   382.39    320.60     83.84
log-0151-filtered-c01     9991  10.00    99.91     86.46     86.54
log-0152-filtered-c01    16176  10.00   161.76    148.55     91.83
log-0152-filtered-c02    10216  10.00   102.16     92.56     90.60
log-0155-filtered-c01    14580  10.00   145.80    133.20     91.36
log103                   72985  10.00   729.85    396.33     54.30
log104                   59770  10.00   597.70    396.48     66.33
log106                   19535  10.00   195.35    153.27     78.46
log107                   25307  10.00   253.07    168.18     66.46
log109                   21587  10.00   215.87    182.28     84.44
log110                   21450  10.00   214.50    172.22     80.29
log112                   63277  10.00   632.77    329.88     52.13

Error stats on active_mask (centered): travel/mag_model vs travel
log                      t   rmse  bin_rmse    mae  nrmse  rms_trav
---------------------  ---  -----  --------  -----  -----  --------
log-0046               376   2.88      3.92   1.85   0.14     20.18
log-0048               334   3.59      4.32   2.27   0.16     22.17
log-0049               178   2.99      3.46   1.82   0.14     22.11
log-0054               669   4.05      4.71   2.68   0.23     17.55
log-0055               224   4.19      4.40   2.74   0.18     23.09
log-0056               273   3.70      4.00   2.42   0.17     22.16
log-0058               387   3.82      4.41   2.45   0.17     23.04
log-0063               103   3.92      4.42   2.62   0.15     25.99
log-0071_183           416   2.57      2.73   1.65   0.12     21.31
log-0072_184           328   3.18      3.45   1.98   0.15     20.79
log-0073_185           286   3.97      4.81   2.53   0.21     19.29
log-0078-valid         132   7.96      7.37   6.00   0.28     28.39
log-0079               242   6.59      5.77   5.04   0.26     25.53
log-0080-valid         325  10.57     10.59   6.63   0.37     28.86
log-0081               735  13.41     12.32  10.22   0.64     20.96
log-0098               224  10.47     10.01   6.96   0.40     26.50
log-0099               634  13.27     11.22  10.79   0.67     19.91
log-0113               232   6.95      8.17   4.60   0.26     26.40
log-0115               171   7.36      8.38   5.12   0.31     23.58
log-0116               175   7.50      7.82   4.92   0.25     30.57
log-0117               122   4.51      4.99   3.02   0.17     25.85
log-0118               110   6.84      7.41   5.30   0.19     36.32
log-0119               138   6.69      6.80   4.95   0.19     35.49
log-0120                49   9.01      9.02   6.65   0.27     33.87
log-0122               318  10.00      9.64   7.59   0.31     32.22
log-0125               187   8.66      7.81   6.45   0.26     32.72
log-0126                51   7.03      7.19   5.77   0.19     36.28
log-0127               102   7.32      7.47   4.82   0.21     34.91
log-0129               409   8.13      9.17   4.94   0.26     31.50
log-0132               266  11.55     11.75   8.78   0.35     33.08
log-0133                93   6.54      7.39   4.61   0.22     29.58
log-0145-filtered-c01  348   8.98      8.39   6.80   0.50     18.00
log-0147-filtered-c01   81   5.91      5.33   4.57   0.36     16.48
log-0147-filtered-c02  320  12.70     15.20   7.23   0.73     17.48
log-0151-filtered-c01   86  11.51     13.76   7.14   0.58     19.76
log-0152-filtered-c01  148   5.05      6.58   3.61   0.27     18.46
log-0152-filtered-c02   92   5.01      4.41   3.77   0.35     14.22
log-0155-filtered-c01  133   5.36      4.73   4.43   0.20     26.69
log103                 396   6.98      7.84   4.05   0.31     22.59
log104                 396   7.35      9.26   3.83   0.34     21.52
log106                 153   4.29      5.38   2.46   0.19     22.66
log107                 168   3.56      4.57   2.20   0.16     21.85
log109                 182   4.30      5.70   2.73   0.20     21.93
log110                 172   5.51      6.50   3.30   0.26     21.28
log112                 329   5.74      6.56   3.67   0.25     22.92

Median                 224.00   6.59      6.80   4.57   0.25     22.92
Mean                   250.96   6.70      7.09   4.62   0.28     24.80
Std Dev                156.29   2.91      2.84   2.21   0.14      5.76

Error stats on active_mask (centered): travel/mag_model/adj vs travel
log                      t   rmse  bin_rmse    mae  nrmse  rms_trav
---------------------  ---  -----  --------  -----  -----  --------
log-0046               376   2.88      3.92   1.85   0.14     20.18
log-0048               334   3.59      4.32   2.27   0.16     22.17
log-0049               178   2.99      3.46   1.82   0.14     22.11
log-0054               669   4.05      4.71   2.68   0.23     17.55
log-0055               224   4.19      4.40   2.74   0.18     23.09
log-0056               273   3.70      4.00   2.42   0.17     22.16
log-0058               387   3.82      4.41   2.45   0.17     23.04
log-0063               103   3.92      4.42   2.62   0.15     25.99
log-0071_183           416   2.57      2.73   1.65   0.12     21.31
log-0072_184           328   3.18      3.45   1.98   0.15     20.79
log-0073_185           286   3.97      4.81   2.53   0.21     19.29
log-0078-valid         132   7.96      7.37   6.00   0.28     28.39
log-0079               242   6.59      5.77   5.04   0.26     25.53
log-0080-valid         325  10.57     10.59   6.63   0.37     28.86
log-0081               735  13.41     12.32  10.22   0.64     20.96
log-0098               224  10.47     10.01   6.96   0.40     26.50
log-0099               634  13.27     11.22  10.79   0.67     19.91
log-0113               232   6.95      8.17   4.60   0.26     26.40
log-0115               171   7.36      8.38   5.12   0.31     23.58
log-0116               175   7.50      7.82   4.92   0.25     30.57
log-0117               122   4.51      4.99   3.02   0.17     25.85
log-0118               110   6.84      7.41   5.30   0.19     36.32
log-0119               138   6.69      6.80   4.95   0.19     35.49
log-0120                49   9.01      9.02   6.65   0.27     33.87
log-0122               318  10.00      9.64   7.59   0.31     32.22
log-0125               187   8.66      7.81   6.45   0.26     32.72
log-0126                51   7.03      7.19   5.77   0.19     36.28
log-0127               102   7.32      7.47   4.82   0.21     34.91
log-0129               409   8.13      9.17   4.94   0.26     31.50
log-0132               266  11.55     11.75   8.78   0.35     33.08
log-0133                93   6.54      7.39   4.61   0.22     29.58
log-0145-filtered-c01  348   8.98      8.39   6.80   0.50     18.00
log-0147-filtered-c01   81   5.91      5.33   4.57   0.36     16.48
log-0147-filtered-c02  320  12.70     15.20   7.23   0.73     17.48
log-0151-filtered-c01   86  11.51     13.76   7.14   0.58     19.76
log-0152-filtered-c01  148   5.05      6.58   3.61   0.27     18.46
log-0152-filtered-c02   92   5.01      4.41   3.77   0.35     14.22
log-0155-filtered-c01  133   5.36      4.73   4.43   0.20     26.69
log103                 396   6.98      7.84   4.05   0.31     22.59
log104                 396   7.35      9.26   3.83   0.34     21.52
log106                 153   4.29      5.38   2.46   0.19     22.66
log107                 168   3.56      4.57   2.20   0.16     21.85
log109                 182   4.30      5.70   2.73   0.20     21.93
log110                 172   5.51      6.50   3.30   0.26     21.28
log112                 329   5.74      6.56   3.67   0.25     22.92

Median                 224.00   6.59      6.80   4.57   0.25     22.92
Mean                   250.96   6.70      7.09   4.62   0.28     24.80
Std Dev                156.29   2.91      2.84   2.21   0.14      5.76

Error stats on active_mask (centered): travel/solved vs travel
log                      t  rmse  bin_rmse   mae  nrmse  rms_trav
---------------------  ---  ----  --------  ----  -----  --------
log-0046               376  2.25      2.75  1.70   0.11     20.18
log-0048               334  2.66      3.42  1.92   0.12     22.17
log-0049               178  2.48      2.76  1.66   0.11     22.11
log-0054               669  2.38      2.60  1.81   0.14     17.55
log-0055               224  2.33      2.44  1.80   0.10     23.09
log-0056               273  2.58      2.76  1.95   0.12     22.16
log-0058               387  2.50      2.73  1.86   0.11     23.04
log-0063               103  2.95      3.18  2.17   0.11     25.99
log-0071_183           416  2.12      2.25  1.49   0.10     21.31
log-0072_184           328  2.27      2.50  1.63   0.11     20.79
log-0073_185           286  2.16      2.48  1.43   0.11     19.29
log-0078-valid         132  5.17      4.98  4.04   0.18     28.39
log-0079               242  4.78      4.76  3.68   0.19     25.53
log-0080-valid         325  5.15      5.02  4.00   0.18     28.86
log-0081               735  8.87      7.70  7.22   0.42     20.96
log-0098               224  5.28      5.37  3.88   0.20     26.50
log-0099               634  7.82      6.84  6.57   0.39     19.91
log-0113               232  4.05      4.03  3.21   0.15     26.40
log-0115               171  5.39      6.54  3.94   0.23     23.58
log-0116               175  5.06      5.04  3.81   0.17     30.57
log-0117               122  3.39      3.45  2.57   0.13     25.85
log-0118               110  5.88      6.25  4.57   0.16     36.32
log-0119               138  5.21      5.51  4.20   0.15     35.49
log-0120                49  4.78      4.64  3.70   0.14     33.87
log-0122               318  7.05      7.01  5.60   0.22     32.22
log-0125               187  6.34      6.05  5.11   0.19     32.72
log-0126                51  7.02      6.89  5.47   0.19     36.28
log-0127               102  5.41      5.64  4.07   0.15     34.91
log-0129               409  4.60      4.50  3.65   0.15     31.50
log-0132               266  7.17      6.76  5.57   0.22     33.08
log-0133                93  4.71      5.06  3.65   0.16     29.58
log-0145-filtered-c01  348  6.31      6.09  4.84   0.35     18.00
log-0147-filtered-c01   81  6.09      5.69  4.56   0.37     16.48
log-0147-filtered-c02  320  7.63     11.31  5.31   0.44     17.48
log-0151-filtered-c01   86  8.13     11.26  5.37   0.41     19.76
log-0152-filtered-c01  148  4.59      6.50  3.49   0.25     18.46
log-0152-filtered-c02   92  5.04      4.46  3.73   0.35     14.22
log-0155-filtered-c01  133  5.38      5.07  4.14   0.20     26.69
log103                 396  4.63      5.14  3.05   0.21     22.59
log104                 396  4.94      6.79  3.02   0.23     21.52
log106                 153  2.51      3.04  1.70   0.11     22.66
log107                 168  2.72      3.53  1.72   0.12     21.85
log109                 182  2.83      4.05  2.01   0.13     21.93
log110                 172  3.30      3.87  2.09   0.16     21.28
log112                 329  4.57      5.29  3.20   0.20     22.92

Median                 224.00  4.78      5.02  3.65   0.16     22.92
Mean                   250.96  4.63      4.98  3.47   0.19     24.80
Std Dev                156.29  1.82      2.02  1.47   0.09      5.76

Error stats on active_mask (centered): travel/solved/mag_nuisance/delta_lifted vs travel
log                      t   rmse  bin_rmse   mae  nrmse  rms_trav
---------------------  ---  -----  --------  ----  -----  --------
log-0046               376   2.55      3.29  1.78   0.13     20.18
log-0048               334   3.60      4.30  2.30   0.16     22.17
log-0049               178   2.68      3.01  1.78   0.12     22.11
log-0054               669   3.57      4.11  2.23   0.20     17.55
log-0055               224   3.66      3.86  2.36   0.16     23.09
log-0056               273   3.32      3.63  2.17   0.15     22.16
log-0058               387   3.67      4.10  2.30   0.16     23.04
log-0063               103   2.94      3.14  2.14   0.11     25.99
log-0071_183           416   2.28      2.48  1.50   0.11     21.31
log-0072_184           328   2.70      2.89  1.77   0.13     20.79
log-0073_185           286   3.22      3.79  2.12   0.17     19.29
log-0078-valid         132   6.07      5.85  4.50   0.21     28.39
log-0079               242   4.87      4.78  3.77   0.19     25.53
log-0080-valid         325   6.75      6.94  4.53   0.23     28.86
log-0081               735  10.29      9.76  8.02   0.49     20.96
log-0098               224   5.78      5.86  4.06   0.22     26.50
log-0099               634   9.08      8.29  7.45   0.46     19.91
log-0113               232   5.24      5.86  3.66   0.20     26.40
log-0115               171   6.06      7.26  4.44   0.26     23.58
log-0116               175   5.65      5.83  4.03   0.18     30.57
log-0117               122   4.73      5.45  3.04   0.18     25.85
log-0118               110   5.99      6.42  4.62   0.16     36.32
log-0119               138   5.44      5.68  4.22   0.15     35.49
log-0120                49   6.51      6.58  4.99   0.19     33.87
log-0122               318   7.84      7.71  6.15   0.24     32.22
log-0125               187   6.91      6.42  5.27   0.21     32.72
log-0126                51   6.02      6.38  5.03   0.17     36.28
log-0127               102   5.52      5.75  4.10   0.16     34.91
log-0129               409   5.38      5.58  4.03   0.17     31.50
log-0132               266   9.53      9.83  7.43   0.29     33.08
log-0133                93   4.74      5.14  3.66   0.16     29.58
log-0145-filtered-c01  348   7.30      6.85  5.44   0.41     18.00
log-0147-filtered-c01   81   5.86      5.42  4.39   0.36     16.48
log-0147-filtered-c02  320   9.35     12.48  6.03   0.53     17.48
log-0151-filtered-c01   86  11.14     13.23  6.82   0.56     19.76
log-0152-filtered-c01  148   4.61      6.33  3.45   0.25     18.46
log-0152-filtered-c02   92   4.60      4.15  3.41   0.32     14.22
log-0155-filtered-c01  133   5.76      5.13  4.42   0.22     26.69
log103                 396   4.85      5.31  3.09   0.21     22.59
log104                 396   5.83      7.82  3.24   0.27     21.52
log106                 153   3.47      4.28  2.19   0.15     22.66
log107                 168   2.96      3.86  1.93   0.14     21.85
log109                 182   3.30      4.64  2.25   0.15     21.93
log110                 172   3.49      4.01  2.35   0.16     21.28
log112                 329   5.05      6.05  3.37   0.22     22.92

Median                 224.00   5.24      5.58  3.66   0.19     22.92
Mean                   250.96   5.34      5.77  3.82   0.22     24.80
Std Dev                156.29   2.11      2.26  1.65   0.11      5.76

Error stats on active_mask (centered): travel/mag_nuisance/corrected vs travel
log                      t   rmse  bin_rmse   mae  nrmse  rms_trav
---------------------  ---  -----  --------  ----  -----  --------
log-0046               376   2.85      3.89  1.87   0.14     20.18
log-0048               334   3.69      4.32  2.30   0.17     22.17
log-0049               178   2.84      3.22  1.83   0.13     22.11
log-0054               669   3.82      4.51  2.31   0.22     17.55
log-0055               224   3.91      4.16  2.47   0.17     23.09
log-0056               273   3.74      4.11  2.34   0.17     22.16
log-0058               387   3.89      4.56  2.33   0.17     23.04
log-0063               103   3.11      3.37  2.23   0.12     25.99
log-0071_183           416   2.66      2.88  1.56   0.12     21.31
log-0072_184           328   3.23      3.40  1.93   0.16     20.79
log-0073_185           286   3.77      4.59  2.41   0.20     19.29
log-0078-valid         132   6.09      5.92  4.51   0.21     28.39
log-0079               242   4.83      4.76  3.77   0.19     25.53
log-0080-valid         325   6.19      6.27  4.49   0.21     28.86
log-0081               735  10.51     10.15  8.17   0.50     20.96
log-0098               224   5.71      5.79  4.12   0.22     26.50
log-0099               634   9.31      8.58  7.62   0.47     19.91
log-0113               232   5.48      6.19  3.80   0.21     26.40
log-0115               171   6.64      7.95  4.82   0.28     23.58
log-0116               175   5.88      6.10  4.15   0.19     30.57
log-0117               122   4.89      5.63  3.10   0.19     25.85
log-0118               110   6.02      6.35  4.62   0.17     36.32
log-0119               138   5.60      5.75  4.30   0.16     35.49
log-0120                49   7.42      7.51  5.70   0.22     33.87
log-0122               318   8.47      8.27  6.71   0.26     32.22
log-0125               187   7.28      6.63  5.53   0.22     32.72
log-0126                51   6.21      6.48  5.14   0.17     36.28
log-0127               102   5.58      5.76  4.17   0.16     34.91
log-0129               409   5.43      5.61  4.08   0.17     31.50
log-0132               266  10.13     10.50  7.94   0.31     33.08
log-0133                93   5.05      5.46  3.84   0.17     29.58
log-0145-filtered-c01  348   8.46      7.97  6.53   0.47     18.00
log-0147-filtered-c01   81   5.84      5.27  4.51   0.35     16.48
log-0147-filtered-c02  320  12.53     15.05  7.07   0.72     17.48
log-0151-filtered-c01   86  11.82     14.01  7.47   0.60     19.76
log-0152-filtered-c01  148   4.99      6.54  3.57   0.27     18.46
log-0152-filtered-c02   92   4.95      4.36  3.72   0.35     14.22
log-0155-filtered-c01  133   5.24      4.61  4.35   0.20     26.69
log103                 396   4.65      5.57  3.07   0.21     22.59
log104                 396   4.76      6.66  2.94   0.22     21.52
log106                 153   4.02      5.06  2.46   0.18     22.66
log107                 168   3.28      4.29  2.04   0.15     21.85
log109                 182   3.69      5.18  2.41   0.17     21.93
log110                 172   4.30      5.11  2.69   0.20     21.28
log112                 329   5.04      5.74  3.36   0.22     22.92

Median                 224.00   5.05      5.63  3.80   0.20     22.92
Mean                   250.96   5.64      6.09  4.01   0.24     24.80
Std Dev                156.29   2.32      2.46  1.78   0.13      5.76
